Tools,Port 0x01: JJH Probe  s/n:3E4C880C,Frame,Time [sec],Face,State,Q0,Qx,Qy,Qz,Tx,Ty,Tz,Error,Markers,State,Tx,Ty,Tz,State,Tx,Ty,Tz,State,Tx,Ty,Tz,Port 0x02: JJH T tibia tracker  s/n:3E4C8800,Frame,Time [sec],Face,State,Q0,Qx,Qy,Qz,Tx,Ty,Tz,Error,Markers,State,Tx,Ty,Tz,State,Tx,Ty,Tz,State,Tx,Ty,Tz,Port 0x03: JJH Y femur tracker  s/n:3E4C8801,Frame,Time [sec],Face,State,Q0,Qx,Qy,Qz,Tx,Ty,Tz,Error,Markers,State,Tx,Ty,Tz,State,Tx,Ty,Tz,State,Tx,Ty,Tz
3,Port 0x01: JJH Probe  s/n:3E4C880C,935957146,1782824885.768606173,1,Too Few Markers,-3.697314E28,-3.697314E28,-3.697314E28,-3.697314E28,-3.697314E28,-3.697314E28,-3.697314E28,0.0000000,3,Missing,-3.697314E28,-3.697314E28,-3.697314E28,Missing,-3.697314E28,-3.697314E28,-3.697314E28,Missing,-3.697314E28,-3.697314E28,-3.697314E28,Port 0x02: JJH T tibia tracker  s/n:3E4C8800,935957146,1782824885.768606173,1,OK,0.8588153,-0.1074386,-0.1933740,0.4620603,-4.649,-100.532,-1544.381,0.1736739,3,OK,-4.574,-100.667,-1544.344,OK,45.665,-178.539,-1519.814,OK,-49.251,-175.460,-1565.227,Port 0x03: JJH Y femur tracker  s/n:3E4C8801,935957146,1782824885.768606173,1,OK,0.6595998,-0.3206714,-0.2485354,0.6327148,-190.709,-91.476,-1653.486,0.6123528,3,OK,-190.520,-90.885,-1653.374,OK,-249.807,-150.016,-1708.650,OK,-197.599,-184.684,-1645.941
3,Port 0x01: JJH Probe  s/n:3E4C880C,935957149,1782824885.818606173,1,Too Few Markers,-3.697314E28,-3.697314E28,-3.697314E28,-3.697314E28,-3.697314E28,-3.697314E28,-3.697314E28,0.0000000,3,Missing,-3.697314E28,-3.697314E28,-3.697314E28,Missing,-3.697314E28,-3.697314E28,-3.697314E28,Missing,-3.697314E28,-3.697314E28,-3.697314E28,Port 0x02: JJH T tibia tracker  s/n:3E4C8800,935957149,1782824885.818606173,1,OK,0.8588599,-0.1075487,-0.1930233,0.4620984,-4.673,-100.541,-1544.435,0.1771523,3,OK,-4.611,-100.687,-1544.404,OK,45.646,-178.546,-1519.854,OK,-49.280,-175.461,-1565.212,Port 0x03: JJH Y femur tracker  s/n:3E4C8801,935957149,1782824885.818606173,1,OK,0.6595746,-0.3208447,-0.2484856,0.6326729,-190.733,-91.478,-1653.549,0.6177678,3,OK,-190.548,-90.888,-1653.443,OK,-249.831,-150.016,-1708.713,OK,-197.630,-184.692,-1645.969
3,Port 0x01: JJH Probe  s/n:3E4C880C,935957152,1782824885.868606173,1,Too Few Markers,-3.697314E28,-3.697314E28,-3.697314E28,-3.697314E28,-3.697314E28,-3.697314E28,-3.697314E28,0.0000000,3,Missing,-3.697314E28,-3.697314E28,-3.697314E28,Missing,-3.697314E28,-3.697314E28,-3.697314E28,Missing,-3.697314E28,-3.697314E28,-3.697314E28,Port 0x02: JJH T tibia tracker  s/n:3E4C8800,935957152,1782824885.868606173,1,OK,0.8588465,-0.1079656,-0.1928797,0.4620861,-4.669,-100.553,-1544.451,0.1760022,3,OK,-4.618,-100.708,-1544.425,OK,45.639,-178.551,-1519.793,OK,-49.285,-175.467,-1565.170,Port 0x03: JJH Y femur tracker  s/n:3E4C8801,935957152,1782824885.868606173,1,OK,0.6596401,-0.3206003,-0.2486192,0.6326760,-190.733,-91.502,-1653.497,0.6143944,3,OK,-190.538,-90.906,-1653.380,OK,-249.833,-150.035,-1708.680,OK,-197.626,-184.709,-1645.979
3,Port 0x01: JJH Probe  s/n:3E4C880C,935957155,1782824885.918606173,1,Too Few Markers,-3.697314E28,-3.697314E28,-3.697314E28,-3.697314E28,-3.697314E28,-3.697314E28,-3.697314E28,0.0000000,3,Missing,-3.697314E28,-3.697314E28,-3.697314E28,Missing,-3.697314E28,-3.697314E28,-3.697314E28,Missing,-3.697314E28,-3.697314E28,-3.697314E28,Port 0x02: JJH T tibia tracker  s/n:3E4C8800,935957155,1782824885.918606173,1,OK,0.8588244,-0.1079563,-0.1930380,0.4620632,-4.677,-100.535,-1544.532,0.1709915,3,OK,-4.620,-100.684,-1544.504,OK,45.629,-178.536,-1519.871,OK,-49.295,-175.455,-1565.280,Port 0x03: JJH Y femur tracker  s/n:3E4C8801,935957155,1782824885.918606173,1,OK,0.6596513,-0.3206210,-0.2483795,0.6327480,-190.738,-91.477,-1653.538,0.6029997,3,OK,-190.556,-90.881,-1653.435,OK,-249.839,-150.017,-1708.655,OK,-197.647,-184.690,-1645.993
3,Port 0x01: JJH Probe  s/n:3E4C880C,935957158,1782824885.968606172,1,Too Few Markers,-3.697314E28,-3.697314E28,-3.697314E28,-3.697314E28,-3.697314E28,-3.697314E28,-3.697314E28,0.0000000,3,Missing,-3.697314E28,-3.697314E28,-3.697314E28,Missing,-3.697314E28,-3.697314E28,-3.697314E28,Missing,-3.697314E28,-3.697314E28,-3.697314E28,Port 0x02: JJH T tibia tracker  s/n:3E4C8800,935957158,1782824885.968606172,1,OK,0.8587670,-0.1075541,-0.1933102,0.4621499,-4.669,-100.557,-1544.434,0.1701380,3,OK,-4.604,-100.702,-1544.402,OK,45.665,-178.554,-1519.839,OK,-49.263,-175.487,-1565.258,Port 0x03: JJH Y femur tracker  s/n:3E4C8801,935957158,1782824885.968606172,1,OK,0.6595342,-0.3210656,-0.2481989,0.6327155,-190.696,-91.495,-1653.550,0.6115490,3,OK,-190.524,-90.925,-1653.455,OK,-249.808,-150.042,-1708.667,OK,-197.599,-184.702,-1645.894
3,Port 0x01: JJH Probe  s/n:3E4C880C,935957161,1782824886.018606172,1,Too Few Markers,-3.697314E28,-3.697314E28,-3.697314E28,-3.697314E28,-3.697314E28,-3.697314E28,-3.697314E28,0.0000000,3,Missing,-3.697314E28,-3.697314E28,-3.697314E28,Missing,-3.697314E28,-3.697314E28,-3.697314E28,Missing,-3.697314E28,-3.697314E28,-3.697314E28,Port 0x02: JJH T tibia tracker  s/n:3E4C8800,935957161,1782824886.018606172,1,OK,0.8588309,-0.1076756,-0.1931944,0.4620513,-4.641,-100.542,-1544.435,0.1773783,3,OK,-4.573,-100.692,-1544.401,OK,45.665,-178.543,-1519.827,OK,-49.253,-175.464,-1565.232,Port 0x03: JJH Y femur tracker  s/n:3E4C8801,935957161,1782824886.018606172,1,OK,0.6595703,-0.3208112,-0.2482381,0.6327915,-190.692,-91.491,-1653.554,0.5960193,3,OK,-190.521,-90.913,-1653.461,OK,-249.788,-150.041,-1708.647,OK,-197.594,-184.696,-1645.954
3,Port 0x01: JJH Probe  s/n:3E4C880C,935957164,1782824886.068606172,1,Too Few Markers,-3.697314E28,-3.697314E28,-3.697314E28,-3.697314E28,-3.697314E28,-3.697314E28,-3.697314E28,0.0000000,3,Missing,-3.697314E28,-3.697314E28,-3.697314E28,Missing,-3.697314E28,-3.697314E28,-3.697314E28,Missing,-3.697314E28,-3.697314E28,-3.697314E28,Port 0x02: JJH T tibia tracker  s/n:3E4C8800,935957164,1782824886.068606172,1,OK,0.8588548,-0.1077640,-0.1929563,0.4620858,-4.668,-100.565,-1544.451,0.1826020,3,OK,-4.609,-100.722,-1544.422,OK,45.638,-178.562,-1519.833,OK,-49.279,-175.482,-1565.198,Port 0x03: JJH Y femur tracker  s/n:3E4C8801,935957164,1782824886.068606172,1,OK,0.6596123,-0.3207374,-0.2484288,0.6327102,-190.738,-91.516,-1653.532,0.6146814,3,OK,-190.551,-90.928,-1653.423,OK,-249.848,-150.054,-1708.685,OK,-197.633,-184.725,-1645.961
3,Port 0x01: JJH Probe  s/n:3E4C880C,935957167,1782824886.118606172,1,Too Few Markers,-3.697314E28,-3.697314E28,-3.697314E28,-3.697314E28,-3.697314E28,-3.697314E28,-3.697314E28,0.0000000,3,Missing,-3.697314E28,-3.697314E28,-3.697314E28,Missing,-3.697314E28,-3.697314E28,-3.697314E28,Missing,-3.697314E28,-3.697314E28,-3.697314E28,Port 0x02: JJH T tibia tracker  s/n:3E4C8800,935957167,1782824886.118606172,1,OK,0.8588971,-0.1070190,-0.1932278,0.4620668,-4.674,-100.559,-1544.366,0.1850466,3,OK,-4.598,-100.705,-1544.329,OK,45.650,-178.571,-1519.885,OK,-49.277,-175.474,-1565.223,Port 0x03: JJH Y femur tracker  s/n:3E4C8801,935957167,1782824886.118606172,1,OK,0.6596202,-0.3206827,-0.2483568,0.6327580,-190.730,-91.517,-1653.534,0.6089752,3,OK,-190.546,-90.921,-1653.430,OK,-249.836,-150.062,-1708.657,OK,-197.631,-184.729,-1645.970
3,Port 0x01: JJH Probe  s/n:3E4C880C,935957170,1782824886.168606172,1,Too Few Markers,-3.697314E28,-3.697314E28,-3.697314E28,-3.697314E28,-3.697314E28,-3.697314E28,-3.697314E28,0.0000000,3,Missing,-3.697314E28,-3.697314E28,-3.697314E28,Missing,-3.697314E28,-3.697314E28,-3.697314E28,Missing,-3.697314E28,-3.697314E28,-3.697314E28,Port 0x02: JJH T tibia tracker  s/n:3E4C8800,935957170,1782824886.168606172,1,OK,0.8588382,-0.1078695,-0.1929474,0.4620958,-4.627,-100.588,-1544.439,0.1770642,3,OK,-4.566,-100.738,-1544.409,OK,45.681,-178.583,-1519.800,OK,-49.240,-175.512,-1565.178,Port 0x03: JJH Y femur tracker  s/n:3E4C8801,935957170,1782824886.168606172,1,OK,0.6595936,-0.3207925,-0.2482421,0.6327750,-190.687,-91.544,-1653.522,0.6050618,3,OK,-190.512,-90.959,-1653.426,OK,-249.794,-150.091,-1708.624,OK,-197.590,-184.756,-1645.922
3,Port 0x01: JJH Probe  s/n:3E4C880C,935957173,1782824886.218606172,1,Too Few Markers,-3.697314E28,-3.697314E28,-3.697314E28,-3.697314E28,-3.697314E28,-3.697314E28,-3.697314E28,0.0000000,3,Missing,-3.697314E28,-3.697314E28,-3.697314E28,Missing,-3.697314E28,-3.697314E28,-3.697314E28,Missing,-3.697314E28,-3.697314E28,-3.697314E28,Port 0x02: JJH T tibia tracker  s/n:3E4C8800,935957173,1782824886.218606172,1,OK,0.8588998,-0.1076329,-0.1927021,0.4621387,-4.638,-100.593,-1544.394,0.1926650,3,OK,-4.580,-100.744,-1544.365,OK,45.669,-178.591,-1519.813,OK,-49.237,-175.514,-1565.104,Port 0x03: JJH Y femur tracker  s/n:3E4C8801,935957173,1782824886.218606172,1,OK,0.6594769,-0.3210532,-0.2483198,0.6327340,-190.704,-91.544,-1653.529,0.6222435,3,OK,-190.526,-90.959,-1653.429,OK,-249.803,-150.100,-1708.667,OK,-197.593,-184.762,-1645.884
3,Port 0x01: JJH Probe  s/n:3E4C880C,935957176,1782824886.268606172,1,Too Few Markers,-3.697314E28,-3.697314E28,-3.697314E28,-3.697314E28,-3.697314E28,-3.697314E28,-3.697314E28,0.0000000,3,Missing,-3.697314E28,-3.697314E28,-3.697314E28,Missing,-3.697314E28,-3.697314E28,-3.697314E28,Missing,-3.697314E28,-3.697314E28,-3.697314E28,Port 0x02: JJH T tibia tracker  s/n:3E4C8800,935957176,1782824886.268606172,1,OK,0.8588632,-0.1076515,-0.1929656,0.4620925,-4.660,-100.631,-1544.382,0.1771982,3,OK,-4.601,-100.776,-1544.353,OK,45.653,-178.637,-1519.784,OK,-49.268,-175.552,-1565.140,Port 0x03: JJH Y femur tracker  s/n:3E4C8801,935957176,1782824886.268606172,1,OK,0.6595283,-0.3208732,-0.2484670,0.6327139,-190.731,-91.594,-1653.525,0.6223727,3,OK,-190.544,-91.005,-1653.416,OK,-249.832,-150.142,-1708.691,OK,-197.615,-184.807,-1645.930
3,Port 0x01: JJH Probe  s/n:3E4C880C,935957179,1782824886.318606172,1,Too Few Markers,-3.697314E28,-3.697314E28,-3.697314E28,-3.697314E28,-3.697314E28,-3.697314E28,-3.697314E28,0.0000000,3,Missing,-3.697314E28,-3.697314E28,-3.697314E28,Missing,-3.697314E28,-3.697314E28,-3.697314E28,Missing,-3.697314E28,-3.697314E28,-3.697314E28,Port 0x02: JJH T tibia tracker  s/n:3E4C8800,935957179,1782824886.318606172,1,OK,0.8588342,-0.1082004,-0.1928141,0.4620814,-4.639,-100.671,-1544.519,0.1766751,3,OK,-4.594,-100.834,-1544.496,OK,45.663,-178.664,-1519.817,OK,-49.260,-175.582,-1565.208,Port 0x03: JJH Y femur tracker  s/n:3E4C8801,935957179,1782824886.318606172,1,OK,0.6595971,-0.3207082,-0.2484566,0.6327299,-190.721,-91.624,-1653.489,0.6096681,3,OK,-190.538,-91.035,-1653.385,OK,-249.818,-150.163,-1708.634,OK,-197.614,-184.836,-1645.929
3,Port 0x01: JJH Probe  s/n:3E4C880C,935957182,1782824886.368606172,1,Too Few Markers,-3.697314E28,-3.697314E28,-3.697314E28,-3.697314E28,-3.697314E28,-3.697314E28,-3.697314E28,0.0000000,3,Missing,-3.697314E28,-3.697314E28,-3.697314E28,Missing,-3.697314E28,-3.697314E28,-3.697314E28,Missing,-3.697314E28,-3.697314E28,-3.697314E28,Port 0x02: JJH T tibia tracker  s/n:3E4C8800,935957182,1782824886.368606172,1,OK,0.8589380,-0.1078544,-0.1925258,0.4620896,-4.622,-100.691,-1544.422,0.1911436,3,OK,-4.577,-100.846,-1544.399,OK,45.673,-178.696,-1519.803,OK,-49.235,-175.600,-1565.086,Port 0x03: JJH Y femur tracker  s/n:3E4C8801,935957182,1782824886.368606172,1,OK,0.6594962,-0.3209645,-0.2486635,0.6326238,-190.730,-91.649,-1653.516,0.6416801,3,OK,-190.527,-91.057,-1653.390,OK,-249.836,-150.197,-1708.750,OK,-197.602,-184.858,-1645.923
3,Port 0x01: JJH Probe  s/n:3E4C880C,935957185,1782824886.418606172,1,Too Few Markers,-3.697314E28,-3.697314E28,-3.697314E28,-3.697314E28,-3.697314E28,-3.697314E28,-3.697314E28,0.0000000,3,Missing,-3.697314E28,-3.697314E28,-3.697314E28,Missing,-3.697314E28,-3.697314E28,-3.697314E28,Missing,-3.697314E28,-3.697314E28,-3.697314E28,Port 0x02: JJH T tibia tracker  s/n:3E4C8800,935957185,1782824886.418606172,1,OK,0.8588887,-0.1078823,-0.1928111,0.4620557,-4.573,-100.611,-1544.508,0.1814536,3,OK,-4.519,-100.764,-1544.480,OK,45.723,-178.614,-1519.873,OK,-49.193,-175.525,-1565.222,Port 0x03: JJH Y femur tracker  s/n:3E4C8801,935957185,1782824886.418606172,1,OK,0.6596655,-0.3207102,-0.2481501,0.6327779,-190.663,-91.582,-1653.538,0.6016919,3,OK,-190.488,-90.998,-1653.442,OK,-249.787,-150.122,-1708.622,OK,-197.577,-184.791,-1645.943
3,Port 0x01: JJH Probe  s/n:3E4C880C,935957188,1782824886.468606172,1,Too Few Markers,-3.697314E28,-3.697314E28,-3.697314E28,-3.697314E28,-3.697314E28,-3.697314E28,-3.697314E28,0.0000000,3,Missing,-3.697314E28,-3.697314E28,-3.697314E28,Missing,-3.697314E28,-3.697314E28,-3.697314E28,Missing,-3.697314E28,-3.697314E28,-3.697314E28,Port 0x02: JJH T tibia tracker  s/n:3E4C8800,935957188,1782824886.468606172,1,OK,0.8586963,-0.1085885,-0.1931746,0.4620961,-4.547,-100.592,-1544.442,0.1554911,3,OK,-4.494,-100.739,-1544.415,OK,45.757,-178.574,-1519.649,OK,-49.170,-175.529,-1565.163,Port 0x03: JJH Y femur tracker  s/n:3E4C8801,935957188,1782824886.468606172,1,OK,0.6596713,-0.3204306,-0.2482178,0.6328870,-190.673,-91.598,-1653.419,0.6010943,3,OK,-190.484,-91.006,-1653.309,OK,-249.802,-150.155,-1708.509,OK,-197.564,-184.799,-1645.872
3,Port 0x01: JJH Probe  s/n:3E4C880C,935957191,1782824886.518606172,1,Too Few Markers,-3.697314E28,-3.697314E28,-3.697314E28,-3.697314E28,-3.697314E28,-3.697314E28,-3.697314E28,0.0000000,3,Missing,-3.697314E28,-3.697314E28,-3.697314E28,Missing,-3.697314E28,-3.697314E28,-3.697314E28,Missing,-3.697314E28,-3.697314E28,-3.697314E28,Port 0x02: JJH T tibia tracker  s/n:3E4C8800,935957191,1782824886.518606172,1,OK,0.8587604,-0.1088593,-0.1924936,0.4621973,-4.492,-100.504,-1544.271,0.1672646,3,OK,-4.447,-100.659,-1544.248,OK,45.812,-178.468,-1519.445,OK,-49.123,-175.447,-1564.854,Port 0x03: JJH Y femur tracker  s/n:3E4C8801,935957191,1782824886.518606172,1,OK,0.6587338,-0.3202512,-0.2473927,0.6342758,-190.340,-91.935,-1652.941,0.5928881,3,OK,-190.171,-91.344,-1652.852,OK,-249.391,-150.742,-1707.784,OK,-196.981,-185.152,-1645.189
3,Port 0x01: JJH Probe  s/n:3E4C880C,935957194,1782824886.568606172,1,Too Few Markers,-3.697314E28,-3.697314E28,-3.697314E28,-3.697314E28,-3.697314E28,-3.697314E28,-3.697314E28,0.0000000,3,Missing,-3.697314E28,-3.697314E28,-3.697314E28,Missing,-3.697314E28,-3.697314E28,-3.697314E28,Missing,-3.697314E28,-3.697314E28,-3.697314E28,Port 0x02: JJH T tibia tracker  s/n:3E4C8800,935957194,1782824886.568606172,1,OK,0.8577069,-0.1121320,-0.1904040,0.4642323,-3.788,-100.484,-1542.941,0.1755124,3,OK,-3.735,-100.639,-1542.913,OK,46.733,-178.086,-1517.486,OK,-48.220,-175.729,-1562.853,Port 0x03: JJH Y femur tracker  s/n:3E4C8801,935957194,1782824886.568606172,1,OK,0.6569481,-0.3186221,-0.2470811,0.6370636,-189.420,-92.949,-1652.411,0.6079866,3,OK,-189.246,-92.359,-1652.314,OK,-248.294,-152.183,-1707.036,OK,-195.408,-186.202,-1644.548
3,Port 0x01: JJH Probe  s/n:3E4C880C,935957197,1782824886.618606172,1,Too Few Markers,-3.697314E28,-3.697314E28,-3.697314E28,-3.697314E28,-3.697314E28,-3.697314E28,-3.697314E28,0.0000000,3,Missing,-3.697314E28,-3.697314E28,-3.697314E28,Missing,-3.697314E28,-3.697314E28,-3.697314E28,Missing,-3.697314E28,-3.697314E28,-3.697314E28,Port 0x02: JJH T tibia tracker  s/n:3E4C8800,935957197,1782824886.618606172,1,OK,0.8569396,-0.1135871,-0.1897229,0.4655725,-3.465,-100.063,-1542.408,0.1763363,3,OK,-3.414,-100.221,-1542.380,OK,47.231,-177.452,-1516.648,OK,-47.718,-175.482,-1562.039,Port 0x03: JJH Y femur tracker  s/n:3E4C8801,935957197,1782824886.618606172,1,OK,0.6566622,-0.3179977,-0.2475420,0.6374913,-189.315,-92.975,-1652.358,0.6138704,3,OK,-189.119,-92.358,-1652.239,OK,-248.121,-152.279,-1707.022,OK,-195.178,-186.237,-1644.609
3,Port 0x01: JJH Probe  s/n:3E4C880C,935957200,1782824886.668606172,1,Too Few Markers,-3.697314E28,-3.697314E28,-3.697314E28,-3.697314E28,-3.697314E28,-3.697314E28,-3.697314E28,0.0000000,3,Missing,-3.697314E28,-3.697314E28,-3.697314E28,Missing,-3.697314E28,-3.697314E28,-3.697314E28,Missing,-3.697314E28,-3.697314E28,-3.697314E28,Port 0x02: JJH T tibia tracker  s/n:3E4C8800,935957200,1782824886.668606172,1,OK,0.8566945,-0.1154212,-0.1894300,0.4656917,-3.486,-99.985,-1542.201,0.1597963,3,OK,-3.441,-100.139,-1542.176,OK,47.175,-177.307,-1516.094,OK,-47.757,-175.455,-1561.632,Port 0x03: JJH Y femur tracker  s/n:3E4C8801,935957200,1782824886.668606172,1,OK,0.6563478,-0.3176791,-0.2475950,0.6379532,-189.210,-92.951,-1652.397,0.6109279,3,OK,-189.020,-92.349,-1652.282,OK,-247.974,-152.311,-1707.043,OK,-194.947,-186.216,-1644.640
3,Port 0x01: JJH Probe  s/n:3E4C880C,935957203,1782824886.718606172,1,Too Few Markers,-3.697314E28,-3.697314E28,-3.697314E28,-3.697314E28,-3.697314E28,-3.697314E28,-3.697314E28,0.0000000,3,Missing,-3.697314E28,-3.697314E28,-3.697314E28,Missing,-3.697314E28,-3.697314E28,-3.697314E28,Missing,-3.697314E28,-3.697314E28,-3.697314E28,Port 0x02: JJH T tibia tracker  s/n:3E4C8800,935957203,1782824886.718606172,1,OK,0.8563881,-0.1164509,-0.1885995,0.4663356,-3.491,-99.829,-1541.490,0.1681968,3,OK,-3.427,-99.972,-1541.456,OK,47.226,-177.024,-1515.197,OK,-47.710,-175.410,-1560.683,Port 0x03: JJH Y femur tracker  s/n:3E4C8801,935957203,1782824886.718606172,1,OK,0.6565636,-0.3160784,-0.2462790,0.6390347,-189.526,-92.983,-1652.026,0.6206622,3,OK,-189.339,-92.383,-1651.914,OK,-248.485,-152.397,-1706.419,OK,-195.112,-186.261,-1644.231
3,Port 0x01: JJH Probe  s/n:3E4C880C,935957206,1782824886.768606172,1,Too Few Markers,-3.697314E28,-3.697314E28,-3.697314E28,-3.697314E28,-3.697314E28,-3.697314E28,-3.697314E28,0.0000000,3,Missing,-3.697314E28,-3.697314E28,-3.697314E28,Missing,-3.697314E28,-3.697314E28,-3.697314E28,Missing,-3.697314E28,-3.697314E28,-3.697314E28,Port 0x02: JJH T tibia tracker  s/n:3E4C8800,935957206,1782824886.768606172,1,OK,0.8561726,-0.1178722,-0.1878160,0.4666902,-3.452,-99.755,-1541.228,0.1757112,3,OK,-3.391,-99.904,-1541.194,OK,47.263,-176.856,-1514.681,OK,-47.653,-175.399,-1560.161,Port 0x03: JJH Y femur tracker  s/n:3E4C8801,935957206,1782824886.768606172,1,OK,0.6577522,-0.3120754,-0.2424738,0.6412312,-190.425,-93.062,-1651.059,0.6088945,3,OK,-190.242,-92.463,-1650.954,OK,-249.965,-152.529,-1704.721,OK,-195.841,-186.345,-1643.215
3,Port 0x01: JJH Probe  s/n:3E4C880C,935957209,1782824886.818606172,1,Too Few Markers,-3.697314E28,-3.697314E28,-3.697314E28,-3.697314E28,-3.697314E28,-3.697314E28,-3.697314E28,0.0000000,3,Missing,-3.697314E28,-3.697314E28,-3.697314E28,Missing,-3.697314E28,-3.697314E28,-3.697314E28,Missing,-3.697314E28,-3.697314E28,-3.697314E28,Port 0x02: JJH T tibia tracker  s/n:3E4C8800,935957209,1782824886.818606172,1,OK,0.8559582,-0.1195749,-0.1870237,0.4669684,-3.305,-99.740,-1541.158,0.1715790,3,OK,-3.266,-99.895,-1541.135,OK,47.405,-176.762,-1514.300,OK,-47.501,-175.427,-1559.810,Port 0x03: JJH Y femur tracker  s/n:3E4C8801,935957209,1782824886.818606172,1,OK,0.6599735,-0.3052285,-0.2359204,0.6446798,-191.956,-93.205,-1649.312,0.5962069,3,OK,-191.779,-92.599,-1649.219,OK,-252.510,-152.714,-1701.727,OK,-197.143,-186.499,-1641.407
3,Port 0x01: JJH Probe  s/n:3E4C880C,935957212,1782824886.868606172,1,Too Few Markers,-3.697314E28,-3.697314E28,-3.697314E28,-3.697314E28,-3.697314E28,-3.697314E28,-3.697314E28,0.0000000,3,Missing,-3.697314E28,-3.697314E28,-3.697314E28,Missing,-3.697314E28,-3.697314E28,-3.697314E28,Missing,-3.697314E28,-3.697314E28,-3.697314E28,Port 0x02: JJH T tibia tracker  s/n:3E4C8800,935957212,1782824886.868606172,1,OK,0.8559299,-0.1193198,-0.1870420,0.4670783,-3.081,-99.878,-1541.253,0.1759958,3,OK,-3.039,-100.030,-1541.228,OK,47.648,-176.895,-1514.441,OK,-47.252,-175.578,-1559.921,Port 0x03: JJH Y femur tracker  s/n:3E4C8801,935957212,1782824886.868606172,1,OK,0.6627851,-0.2961140,-0.2272189,0.6491564,-194.031,-93.394,-1646.757,0.6011649,3,OK,-193.827,-92.781,-1646.646,OK,-255.937,-152.988,-1697.540,OK,-198.887,-186.675,-1638.763
3,Port 0x01: JJH Probe  s/n:3E4C880C,935957215,1782824886.918606172,1,Too Few Markers,-3.697314E28,-3.697314E28,-3.697314E28,-3.697314E28,-3.697314E28,-3.697314E28,-3.697314E28,0.0000000,3,Missing,-3.697314E28,-3.697314E28,-3.697314E28,Missing,-3.697314E28,-3.697314E28,-3.697314E28,Missing,-3.697314E28,-3.697314E28,-3.697314E28,Port 0x02: JJH T tibia tracker  s/n:3E4C8800,935957215,1782824886.918606172,1,OK,0.8559935,-0.1180667,-0.1881292,0.4668434,-2.743,-100.333,-1541.962,0.1719610,3,OK,-2.686,-100.482,-1541.931,OK,47.992,-177.413,-1515.364,OK,-46.898,-175.995,-1560.918,Port 0x03: JJH Y femur tracker  s/n:3E4C8801,935957215,1782824886.918606172,1,OK,0.6659838,-0.2849033,-0.2161246,0.6546647,-196.485,-93.532,-1643.690,0.6060826,3,OK,-196.273,-92.913,-1643.583,OK,-259.985,-153.243,-1692.337,OK,-200.911,-186.821,-1635.524
3,Port 0x01: JJH Probe  s/n:3E4C880C,935957218,1782824886.968606173,1,Too Few Markers,-3.697314E28,-3.697314E28,-3.697314E28,-3.697314E28,-3.697314E28,-3.697314E28,-3.697314E28,0.0000000,3,Missing,-3.697314E28,-3.697314E28,-3.697314E28,Missing,-3.697314E28,-3.697314E28,-3.697314E28,Missing,-3.697314E28,-3.697314E28,-3.697314E28,Port 0x02: JJH T tibia tracker  s/n:3E4C8800,935957218,1782824886.968606173,1,OK,0.8564642,-0.1149621,-0.1901584,0.4659319,-2.551,-100.648,-1543.438,0.1698463,3,OK,-2.502,-100.807,-1543.411,OK,48.150,-177.949,-1517.396,OK,-46.724,-176.136,-1563.002,Port 0x03: JJH Y femur tracker  s/n:3E4C8801,935957218,1782824886.968606173,1,OK,0.6694324,-0.2719405,-0.2032234,0.6607639,-199.164,-93.809,-1640.034,0.5963707,3,OK,-198.946,-93.182,-1639.933,OK,-264.389,-153.669,-1686.129,OK,-203.115,-187.095,-1631.695
3,Port 0x01: JJH Probe  s/n:3E4C880C,935957221,1782824887.018606173,1,Too Few Markers,-3.697314E28,-3.697314E28,-3.697314E28,-3.697314E28,-3.697314E28,-3.697314E28,-3.697314E28,0.0000000,3,Missing,-3.697314E28,-3.697314E28,-3.697314E28,Missing,-3.697314E28,-3.697314E28,-3.697314E28,Missing,-3.697314E28,-3.697314E28,-3.697314E28,Port 0x02: JJH T tibia tracker  s/n:3E4C8800,935957221,1782824887.018606173,1,OK,0.8575496,-0.1095562,-0.1921472,0.4644196,-2.435,-100.997,-1545.258,0.1745096,3,OK,-2.382,-101.152,-1545.231,OK,48.214,-178.657,-1520.231,OK,-46.718,-176.205,-1565.643,Port 0x03: JJH Y femur tracker  s/n:3E4C8801,935957221,1782824887.018606173,1,OK,0.6730361,-0.2576340,-0.1889701,0.6670363,-202.026,-93.946,-1635.812,0.6005157,3,OK,-201.793,-93.313,-1635.712,OK,-269.072,-153.942,-1679.059,OK,-205.459,-187.229,-1627.292
3,Port 0x01: JJH Probe  s/n:3E4C880C,935957224,1782824887.068606173,1,Too Few Markers,-3.697314E28,-3.697314E28,-3.697314E28,-3.697314E28,-3.697314E28,-3.697314E28,-3.697314E28,0.0000000,3,Missing,-3.697314E28,-3.697314E28,-3.697314E28,Missing,-3.697314E28,-3.697314E28,-3.697314E28,Missing,-3.697314E28,-3.697314E28,-3.697314E28,Port 0x02: JJH T tibia tracker  s/n:3E4C8800,935957224,1782824887.068606173,1,OK,0.8589485,-0.1035242,-0.1932251,0.4627681,-2.326,-101.483,-1547.532,0.1861797,3,OK,-2.262,-101.644,-1547.502,OK,48.283,-179.511,-1523.667,OK,-46.806,-176.371,-1568.664,Port 0x03: JJH Y femur tracker  s/n:3E4C8801,935957224,1782824887.068606173,1,OK,0.6765497,-0.2422166,-0.1732305,0.6735005,-204.801,-94.208,-1631.294,0.5704850,3,OK,-204.592,-93.589,-1631.223,OK,-273.628,-154.346,-1671.302,OK,-207.695,-187.487,-1622.563
3,Port 0x01: JJH Probe  s/n:3E4C880C,935957227,1782824887.118606173,1,Too Few Markers,-3.697314E28,-3.697314E28,-3.697314E28,-3.697314E28,-3.697314E28,-3.697314E28,-3.697314E28,0.0000000,3,Missing,-3.697314E28,-3.697314E28,-3.697314E28,Missing,-3.697314E28,-3.697314E28,-3.697314E28,Missing,-3.697314E28,-3.697314E28,-3.697314E28,Port 0x02: JJH T tibia tracker  s/n:3E4C8800,935957227,1782824887.118606173,1,OK,0.8603195,-0.0967256,-0.1965484,0.4602861,-2.449,-101.813,-1549.740,0.1920430,3,OK,-2.362,-101.952,-1549.702,OK,47.981,-180.317,-1527.168,OK,-47.109,-176.286,-1572.042,Port 0x03: JJH Y femur tracker  s/n:3E4C8801,935957227,1782824887.118606173,1,OK,0.6797348,-0.2264419,-0.1574481,0.6796284,-207.455,-94.372,-1626.543,0.5751610,3,OK,-207.226,-93.742,-1626.471,OK,-277.971,-154.677,-1663.269,OK,-209.779,-187.641,-1617.651
3,Port 0x01: JJH Probe  s/n:3E4C880C,935957230,1782824887.168606173,1,Too Few Markers,-3.697314E28,-3.697314E28,-3.697314E28,-3.697314E28,-3.697314E28,-3.697314E28,-3.697314E28,0.0000000,3,Missing,-3.697314E28,-3.697314E28,-3.697314E28,Missing,-3.697314E28,-3.697314E28,-3.697314E28,Missing,-3.697314E28,-3.697314E28,-3.697314E28,Port 0x02: JJH T tibia tracker  s/n:3E4C8800,935957230,1782824887.168606173,1,OK,0.8609904,-0.0937282,-0.1994200,0.4584127,-2.417,-102.259,-1551.174,0.1918522,3,OK,-2.333,-102.403,-1551.138,OK,47.799,-181.062,-1529.167,OK,-47.183,-176.437,-1574.222,Port 0x03: JJH Y femur tracker  s/n:3E4C8801,935957230,1782824887.168606173,1,OK,0.6826296,-0.2097627,-0.1408798,0.6856889,-209.893,-94.693,-1621.474,0.5583158,3,OK,-209.671,-94.052,-1621.420,OK,-281.942,-155.171,-1654.660,OK,-211.628,-187.962,-1612.466
3,Port 0x01: JJH Probe  s/n:3E4C880C,935957233,1782824887.218606173,1,Too Few Markers,-3.697314E28,-3.697314E28,-3.697314E28,-3.697314E28,-3.697314E28,-3.697314E28,-3.697314E28,0.0000000,3,Missing,-3.697314E28,-3.697314E28,-3.697314E28,Missing,-3.697314E28,-3.697314E28,-3.697314E28,Missing,-3.697314E28,-3.697314E28,-3.697314E28,Port 0x02: JJH T tibia tracker  s/n:3E4C8800,935957233,1782824887.218606173,1,OK,0.8619780,-0.0873752,-0.2026630,0.4563849,-2.425,-102.546,-1553.222,0.1998507,3,OK,-2.345,-102.691,-1553.189,OK,47.684,-181.733,-1532.411,OK,-47.275,-176.315,-1577.354,Port 0x03: JJH Y femur tracker  s/n:3E4C8801,935957233,1782824887.218606173,1,OK,0.6851078,-0.1929815,-0.1243008,0.6913283,-212.131,-94.973,-1616.289,0.5368173,3,OK,-211.913,-94.346,-1616.248,OK,-285.559,-155.620,-1645.894,OK,-213.253,-188.222,-1607.190
3,Port 0x01: JJH Probe  s/n:3E4C880C,935957236,1782824887.268606173,1,Too Few Markers,-3.697314E28,-3.697314E28,-3.697314E28,-3.697314E28,-3.697314E28,-3.697314E28,-3.697314E28,0.0000000,3,Missing,-3.697314E28,-3.697314E28,-3.697314E28,Missing,-3.697314E28,-3.697314E28,-3.697314E28,Missing,-3.697314E28,-3.697314E28,-3.697314E28,Port 0x02: JJH T tibia tracker  s/n:3E4C8800,935957236,1782824887.268606173,1,OK,0.8626605,-0.0836515,-0.2049998,0.4547464,-2.426,-102.584,-1555.141,0.2022785,3,OK,-2.358,-102.751,-1555.116,OK,47.557,-182.037,-1535.035,OK,-47.368,-176.033,-1579.985,Port 0x03: JJH Y femur tracker  s/n:3E4C8801,935957236,1782824887.268606173,1,OK,0.6873165,-0.1756550,-0.1070754,0.6966177,-214.068,-95.228,-1611.079,0.5140163,3,OK,-213.874,-94.595,-1611.060,OK,-288.692,-156.031,-1636.900,OK,-214.616,-188.474,-1601.913
3,Port 0x01: JJH Probe  s/n:3E4C880C,935957239,1782824887.318606173,1,Too Few Markers,-3.697314E28,-3.697314E28,-3.697314E28,-3.697314E28,-3.697314E28,-3.697314E28,-3.697314E28,0.0000000,3,Missing,-3.697314E28,-3.697314E28,-3.697314E28,Missing,-3.697314E28,-3.697314E28,-3.697314E28,Missing,-3.697314E28,-3.697314E28,-3.697314E28,Port 0x02: JJH T tibia tracker  s/n:3E4C8800,935957239,1782824887.318606173,1,OK,0.8631023,-0.0800793,-0.2067334,0.4537654,-2.341,-102.693,-1556.305,0.2026427,3,OK,-2.269,-102.838,-1556.279,OK,47.608,-182.332,-1536.872,OK,-47.307,-175.936,-1581.736,Port 0x03: JJH Y femur tracker  s/n:3E4C8801,935957239,1782824887.318606173,1,OK,0.6888999,-0.1592520,-0.0904346,0.7013397,-215.748,-95.508,-1605.854,0.4985930,3,OK,-215.562,-94.884,-1605.846,OK,-291.368,-156.487,-1628.010,OK,-215.695,-188.732,-1596.584
3,Port 0x01: JJH Probe  s/n:3E4C880C,935957242,1782824887.368606173,1,Too Few Markers,-3.697314E28,-3.697314E28,-3.697314E28,-3.697314E28,-3.697314E28,-3.697314E28,-3.697314E28,0.0000000,3,Missing,-3.697314E28,-3.697314E28,-3.697314E28,Missing,-3.697314E28,-3.697314E28,-3.697314E28,Missing,-3.697314E28,-3.697314E28,-3.697314E28,Port 0x02: JJH T tibia tracker  s/n:3E4C8800,935957242,1782824887.368606173,1,OK,0.8633939,-0.0788295,-0.2076016,0.4530325,-2.275,-102.533,-1556.823,0.1982000,3,OK,-2.205,-102.685,-1556.798,OK,47.607,-182.279,-1537.630,OK,-47.302,-175.646,-1582.515,Port 0x03: JJH Y femur tracker  s/n:3E4C8801,935957242,1782824887.368606173,1,OK,0.6902292,-0.1431048,-0.0748711,0.7053361,-217.150,-95.682,-1600.710,0.5055998,3,OK,-216.954,-95.045,-1600.708,OK,-293.604,-156.794,-1619.403,OK,-216.537,-188.904,-1591.471
3,Port 0x01: JJH Probe  s/n:3E4C880C,935957245,1782824887.418561040,1,Too Few Markers,-3.697314E28,-3.697314E28,-3.697314E28,-3.697314E28,-3.697314E28,-3.697314E28,-3.697314E28,0.0000000,3,Missing,-3.697314E28,-3.697314E28,-3.697314E28,Missing,-3.697314E28,-3.697314E28,-3.697314E28,Missing,-3.697314E28,-3.697314E28,-3.697314E28,Port 0x02: JJH T tibia tracker  s/n:3E4C8800,935957245,1782824887.418561040,1,OK,0.8634663,-0.0797143,-0.2071447,0.4529488,-2.246,-102.202,-1556.801,0.2014398,3,OK,-2.179,-102.364,-1556.778,OK,47.586,-181.941,-1537.457,OK,-47.320,-175.326,-1582.353,Port 0x03: JJH Y femur tracker  s/n:3E4C8801,935957245,1782824887.418561040,1,OK,0.6910588,-0.1271829,-0.0588719,0.7090813,-218.246,-95.960,-1595.671,0.4956683,3,OK,-218.067,-95.322,-1595.683,OK,-295.312,-157.228,-1610.781,OK,-217.077,-189.171,-1586.398
3,Port 0x01: JJH Probe  s/n:3E4C880C,935957248,1782824887.468561040,1,Too Few Markers,-3.697314E28,-3.697314E28,-3.697314E28,-3.697314E28,-3.697314E28,-3.697314E28,-3.697314E28,0.0000000,3,Missing,-3.697314E28,-3.697314E28,-3.697314E28,Missing,-3.697314E28,-3.697314E28,-3.697314E28,Missing,-3.697314E28,-3.697314E28,-3.697314E28,Port 0x02: JJH T tibia tracker  s/n:3E4C8800,935957248,1782824887.468561040,1,OK,0.8629108,-0.0821616,-0.2065724,0.4538307,-2.116,-102.226,-1556.142,0.1915345,3,OK,-2.039,-102.376,-1556.112,OK,47.771,-181.816,-1536.314,OK,-47.108,-175.539,-1581.382,Port 0x03: JJH Y femur tracker  s/n:3E4C8801,935957248,1782824887.468561040,1,OK,0.6914344,-0.1118862,-0.0434085,0.7124014,-219.133,-96.269,-1590.740,0.4855476,3,OK,-218.961,-95.637,-1590.762,OK,-296.640,-157.706,-1602.378,OK,-217.400,-189.455,-1581.437
3,Port 0x01: JJH Probe  s/n:3E4C880C,935957251,1782824887.518561040,1,Too Few Markers,-3.697314E28,-3.697314E28,-3.697314E28,-3.697314E28,-3.697314E28,-3.697314E28,-3.697314E28,0.0000000,3,Missing,-3.697314E28,-3.697314E28,-3.697314E28,Missing,-3.697314E28,-3.697314E28,-3.697314E28,Missing,-3.697314E28,-3.697314E28,-3.697314E28,Port 0x02: JJH T tibia tracker  s/n:3E4C8800,935957251,1782824887.518561040,1,OK,0.8623462,-0.0861786,-0.2046565,0.4550252,-1.845,-102.236,-1555.335,0.1944809,3,OK,-1.784,-102.400,-1555.313,OK,48.086,-181.614,-1534.751,OK,-46.771,-175.785,-1579.905,Port 0x03: JJH Y femur tracker  s/n:3E4C8801,935957251,1782824887.518561040,1,OK,0.6917235,-0.0969114,-0.0290695,0.7150397,-219.765,-96.465,-1585.964,0.4936738,3,OK,-219.584,-95.817,-1585.992,OK,-297.598,-158.022,-1594.358,OK,-217.545,-189.647,-1576.759
3,Port 0x01: JJH Probe  s/n:3E4C880C,935957254,1782824887.568561040,1,Too Few Markers,-3.697314E28,-3.697314E28,-3.697314E28,-3.697314E28,-3.697314E28,-3.697314E28,-3.697314E28,0.0000000,3,Missing,-3.697314E28,-3.697314E28,-3.697314E28,Missing,-3.697314E28,-3.697314E28,-3.697314E28,Missing,-3.697314E28,-3.697314E28,-3.697314E28,Port 0x02: JJH T tibia tracker  s/n:3E4C8800,935957254,1782824887.568561040,1,OK,0.8618640,-0.0888096,-0.2036582,0.4558800,-1.733,-101.887,-1554.392,0.1896153,3,OK,-1.655,-102.041,-1554.361,OK,48.238,-181.102,-1533.305,OK,-46.611,-175.628,-1578.572,Port 0x03: JJH Y femur tracker  s/n:3E4C8801,935957254,1782824887.568561040,1,OK,0.6917018,-0.0824364,-0.0146122,0.7173139,-220.195,-96.594,-1581.540,0.4829707,3,OK,-220.036,-95.956,-1581.578,OK,-298.191,-158.245,-1586.675,OK,-217.504,-189.765,-1572.367
3,Port 0x01: JJH Probe  s/n:3E4C880C,935957257,1782824887.618561040,1,Too Few Markers,-3.697314E28,-3.697314E28,-3.697314E28,-3.697314E28,-3.697314E28,-3.697314E28,-3.697314E28,0.0000000,3,Missing,-3.697314E28,-3.697314E28,-3.697314E28,Missing,-3.697314E28,-3.697314E28,-3.697314E28,Missing,-3.697314E28,-3.697314E28,-3.697314E28,Port 0x02: JJH T tibia tracker  s/n:3E4C8800,935957257,1782824887.618561040,1,OK,0.8614929,-0.0918978,-0.2020774,0.4566721,-1.614,-101.673,-1553.696,0.1962731,3,OK,-1.547,-101.841,-1553.668,OK,48.365,-180.728,-1532.038,OK,-46.465,-175.577,-1577.345,Port 0x03: JJH Y femur tracker  s/n:3E4C8801,935957257,1782824887.618561040,1,OK,0.6916520,-0.0685208,-0.0017447,0.7189710,-220.476,-96.595,-1577.144,0.4855002,3,OK,-220.305,-95.952,-1577.187,OK,-298.572,-158.307,-1579.354,OK,-217.390,-189.760,-1568.151
3,Port 0x01: JJH Probe  s/n:3E4C880C,935957260,1782824887.668561040,1,Too Few Markers,-3.697314E28,-3.697314E28,-3.697314E28,-3.697314E28,-3.697314E28,-3.697314E28,-3.697314E28,0.0000000,3,Missing,-3.697314E28,-3.697314E28,-3.697314E28,Missing,-3.697314E28,-3.697314E28,-3.697314E28,Missing,-3.697314E28,-3.697314E28,-3.697314E28,Port 0x02: JJH T tibia tracker  s/n:3E4C8800,935957260,1782824887.668561040,1,OK,0.8612809,-0.0934754,-0.2010931,0.4571861,-1.475,-101.540,-1553.176,0.1964725,3,OK,-1.411,-101.688,-1553.149,OK,48.519,-180.510,-1531.232,OK,-46.296,-175.554,-1576.521,Port 0x03: JJH Y femur tracker  s/n:3E4C8801,935957260,1782824887.668561040,1,OK,0.6908806,-0.0557821,0.0113802,0.7207239,-220.483,-96.931,-1572.947,0.4911315,3,OK,-220.314,-96.279,-1572.998,OK,-298.482,-158.792,-1572.205,OK,-216.917,-190.080,-1563.951
3,Port 0x01: JJH Probe  s/n:3E4C880C,935957263,1782824887.718561040,1,Too Few Markers,-3.697314E28,-3.697314E28,-3.697314E28,-3.697314E28,-3.697314E28,-3.697314E28,-3.697314E28,0.0000000,3,Missing,-3.697314E28,-3.697314E28,-3.697314E28,Missing,-3.697314E28,-3.697314E28,-3.697314E28,Missing,-3.697314E28,-3.697314E28,-3.697314E28,Port 0x02: JJH T tibia tracker  s/n:3E4C8800,935957263,1782824887.718561040,1,OK,0.8611136,-0.0945211,-0.2007208,0.4574498,-1.395,-101.538,-1553.267,0.2038541,3,OK,-1.331,-101.693,-1553.240,OK,48.594,-180.446,-1531.130,OK,-46.195,-175.608,-1576.455,Port 0x03: JJH Y femur tracker  s/n:3E4C8801,935957263,1782824887.718561040,1,OK,0.6900514,-0.0427497,0.0242349,0.7220901,-220.468,-97.120,-1568.826,0.4871068,3,OK,-220.303,-96.472,-1568.882,OK,-298.290,-159.088,-1565.185,OK,-216.458,-190.251,-1559.915
3,Port 0x01: JJH Probe  s/n:3E4C880C,935957266,1782824887.768612360,1,Too Few Markers,-3.697314E28,-3.697314E28,-3.697314E28,-3.697314E28,-3.697314E28,-3.697314E28,-3.697314E28,0.0000000,3,Missing,-3.697314E28,-3.697314E28,-3.697314E28,Missing,-3.697314E28,-3.697314E28,-3.697314E28,Missing,-3.697314E28,-3.697314E28,-3.697314E28,Port 0x02: JJH T tibia tracker  s/n:3E4C8800,935957266,1782824887.768612360,1,OK,0.8609496,-0.0950224,-0.2009006,0.4575756,-1.358,-101.543,-1553.441,0.1970298,3,OK,-1.295,-101.692,-1553.414,OK,48.635,-180.430,-1531.199,OK,-46.129,-175.643,-1576.610,Port 0x03: JJH Y femur tracker  s/n:3E4C8801,935957266,1782824887.768612360,1,OK,0.6891923,-0.0293722,0.0371537,0.7230290,-220.271,-97.232,-1564.628,0.4965887,3,OK,-220.101,-96.570,-1564.692,OK,-297.845,-159.272,-1558.075,OK,-215.876,-190.358,-1555.853
3,Port 0x01: JJH Probe  s/n:3E4C880C,935957269,1782824887.818612360,1,Too Few Markers,-3.697314E28,-3.697314E28,-3.697314E28,-3.697314E28,-3.697314E28,-3.697314E28,-3.697314E28,0.0000000,3,Missing,-3.697314E28,-3.697314E28,-3.697314E28,Missing,-3.697314E28,-3.697314E28,-3.697314E28,Missing,-3.697314E28,-3.697314E28,-3.697314E28,Port 0x02: JJH T tibia tracker  s/n:3E4C8800,935957269,1782824887.818612360,1,OK,0.8609956,-0.0957567,-0.2006100,0.4574635,-1.298,-101.285,-1553.366,0.1939458,3,OK,-1.245,-101.445,-1553.344,OK,48.656,-180.170,-1530.993,OK,-46.109,-175.377,-1576.433,Port 0x03: JJH Y femur tracker  s/n:3E4C8801,935957269,1782824887.818612360,1,OK,0.6878816,-0.0167242,0.0498749,0.7239142,-219.862,-97.391,-1560.408,0.4899440,3,OK,-219.696,-96.739,-1560.478,OK,-297.069,-159.530,-1551.011,OK,-215.010,-190.497,-1551.710
3,Port 0x01: JJH Probe  s/n:3E4C880C,935957272,1782824887.868612360,1,Too Few Markers,-3.697314E28,-3.697314E28,-3.697314E28,-3.697314E28,-3.697314E28,-3.697314E28,-3.697314E28,0.0000000,3,Missing,-3.697314E28,-3.697314E28,-3.697314E28,Missing,-3.697314E28,-3.697314E28,-3.697314E28,Missing,-3.697314E28,-3.697314E28,-3.697314E28,Port 0x02: JJH T tibia tracker  s/n:3E4C8800,935957272,1782824887.868612360,1,OK,0.8606037,-0.0978166,-0.1997154,0.4581560,-1.273,-101.201,-1553.121,0.1966019,3,OK,-1.219,-101.356,-1553.097,OK,48.709,-179.954,-1530.361,OK,-46.029,-175.430,-1575.852,Port 0x03: JJH Y femur tracker  s/n:3E4C8801,935957272,1782824887.868612360,1,OK,0.6862616,-0.0032289,0.0640409,0.7245228,-219.363,-97.527,-1556.102,0.4890798,3,OK,-219.201,-96.874,-1556.179,OK,-296.044,-159.752,-1543.567,OK,-214.054,-190.605,-1547.422
3,Port 0x01: JJH Probe  s/n:3E4C880C,935957275,1782824887.918612360,1,Too Few Markers,-3.697314E28,-3.697314E28,-3.697314E28,-3.697314E28,-3.697314E28,-3.697314E28,-3.697314E28,0.0000000,3,Missing,-3.697314E28,-3.697314E28,-3.697314E28,Missing,-3.697314E28,-3.697314E28,-3.697314E28,Missing,-3.697314E28,-3.697314E28,-3.697314E28,Port 0x02: JJH T tibia tracker  s/n:3E4C8800,935957275,1782824887.918612360,1,OK,0.8600240,-0.1004404,-0.1987386,0.4591006,-1.156,-101.231,-1552.666,0.1993944,3,OK,-1.093,-101.379,-1552.637,OK,48.874,-179.797,-1529.407,OK,-45.828,-175.644,-1574.994,Port 0x03: JJH Y femur tracker  s/n:3E4C8801,935957275,1782824887.918612360,1,OK,0.6842601,0.0112223,0.0779437,0.7249737,-218.577,-97.755,-1551.328,0.4780605,3,OK,-218.419,-97.118,-1551.411,OK,-294.600,-160.095,-1535.700,OK,-212.769,-190.809,-1542.849
3,Port 0x01: JJH Probe  s/n:3E4C880C,935957278,1782824887.968656469,1,Too Few Markers,-3.697314E28,-3.697314E28,-3.697314E28,-3.697314E28,-3.697314E28,-3.697314E28,-3.697314E28,0.0000000,3,Missing,-3.697314E28,-3.697314E28,-3.697314E28,Missing,-3.697314E28,-3.697314E28,-3.697314E28,Missing,-3.697314E28,-3.697314E28,-3.697314E28,Port 0x02: JJH T tibia tracker  s/n:3E4C8800,935957278,1782824887.968656469,1,OK,0.8591307,-0.1054936,-0.1969156,0.4604236,-1.049,-101.072,-1551.693,0.1834603,3,OK,-0.995,-101.225,-1551.666,OK,49.025,-179.346,-1527.473,OK,-45.649,-175.751,-1573.274,Port 0x03: JJH Y femur tracker  s/n:3E4C8801,935957278,1782824887.968656469,1,OK,0.6819127,0.0260524,0.0923249,0.7251155,-217.590,-97.916,-1546.470,0.4777528,3,OK,-217.431,-97.279,-1546.560,OK,-292.795,-160.376,-1527.669,OK,-211.292,-190.949,-1538.197
3,Port 0x01: JJH Probe  s/n:3E4C880C,935957281,1782824888.018656469,1,Too Few Markers,-3.697314E28,-3.697314E28,-3.697314E28,-3.697314E28,-3.697314E28,-3.697314E28,-3.697314E28,0.0000000,3,Missing,-3.697314E28,-3.697314E28,-3.697314E28,Missing,-3.697314E28,-3.697314E28,-3.697314E28,Missing,-3.697314E28,-3.697314E28,-3.697314E28,Port 0x02: JJH T tibia tracker  s/n:3E4C8800,935957281,1782824888.018656469,1,OK,0.8579353,-0.1117734,-0.1943959,0.4622381,-0.935,-100.896,-1550.452,0.1721933,3,OK,-0.885,-101.048,-1550.426,OK,49.212,-178.764,-1525.049,OK,-45.423,-175.922,-1571.055,Port 0x03: JJH Y femur tracker  s/n:3E4C8801,935957281,1782824888.018656469,1,OK,0.6792524,0.0403139,0.1074134,0.7248816,-216.483,-98.064,-1541.954,0.4730759,3,OK,-216.318,-97.434,-1542.054,OK,-290.740,-160.611,-1519.883,OK,-209.683,-191.052,-1533.740
3,Port 0x01: JJH Probe  s/n:3E4C880C,935957284,1782824888.068656469,1,Too Few Markers,-3.697314E28,-3.697314E28,-3.697314E28,-3.697314E28,-3.697314E28,-3.697314E28,-3.697314E28,0.0000000,3,Missing,-3.697314E28,-3.697314E28,-3.697314E28,Missing,-3.697314E28,-3.697314E28,-3.697314E28,Missing,-3.697314E28,-3.697314E28,-3.697314E28,Port 0x02: JJH T tibia tracker  s/n:3E4C8800,935957284,1782824888.068656469,1,OK,0.8567457,-0.1176381,-0.1918420,0.4640526,-0.911,-100.611,-1548.931,0.1729408,3,OK,-0.860,-100.766,-1548.902,OK,49.314,-178.061,-1522.431,OK,-45.276,-175.965,-1568.575,Port 0x03: JJH Y femur tracker  s/n:3E4C8801,935957284,1782824888.068656469,1,OK,0.6762502,0.0545624,0.1214248,0.7245445,-215.066,-98.325,-1537.303,0.4713318,3,OK,-214.897,-97.699,-1537.412,OK,-288.264,-161.002,-1512.202,OK,-207.750,-191.285,-1529.303
3,Port 0x01: JJH Probe  s/n:3E4C880C,935957287,1782824888.118656469,1,Too Few Markers,-3.697314E28,-3.697314E28,-3.697314E28,-3.697314E28,-3.697314E28,-3.697314E28,-3.697314E28,0.0000000,3,Missing,-3.697314E28,-3.697314E28,-3.697314E28,Missing,-3.697314E28,-3.697314E28,-3.697314E28,Missing,-3.697314E28,-3.697314E28,-3.697314E28,Port 0x02: JJH T tibia tracker  s/n:3E4C8800,935957287,1782824888.118656469,1,OK,0.8555830,-0.1243113,-0.1884511,0.4658440,-0.850,-100.267,-1547.430,0.1735125,3,OK,-0.824,-100.428,-1547.410,OK,49.432,-177.272,-1519.705,OK,-45.131,-175.930,-1565.911,Port 0x03: JJH Y femur tracker  s/n:3E4C8801,935957287,1782824888.118656469,1,OK,0.6731688,0.0681217,0.1348180,0.7238973,-213.637,-98.482,-1533.036,0.4680552,3,OK,-213.459,-97.863,-1533.156,OK,-285.721,-161.271,-1505.070,OK,-205.845,-191.406,-1525.248
3,Port 0x01: JJH Probe  s/n:3E4C880C,935957290,1782824888.168688109,1,Too Few Markers,-3.697314E28,-3.697314E28,-3.697314E28,-3.697314E28,-3.697314E28,-3.697314E28,-3.697314E28,0.0000000,3,Missing,-3.697314E28,-3.697314E28,-3.697314E28,Missing,-3.697314E28,-3.697314E28,-3.697314E28,Missing,-3.697314E28,-3.697314E28,-3.697314E28,Port 0x02: JJH T tibia tracker  s/n:3E4C8800,935957290,1782824888.168688109,1,OK,0.8544229,-0.1283093,-0.1874161,0.4673044,-0.960,-100.012,-1546.349,0.1631258,3,OK,-0.918,-100.170,-1546.321,OK,49.417,-176.672,-1517.853,OK,-45.093,-175.925,-1564.278,Port 0x03: JJH Y femur tracker  s/n:3E4C8801,935957290,1782824888.168688109,1,OK,0.6698773,0.0812444,0.1476441,0.7230940,-212.103,-98.652,-1529.003,0.4663902,3,OK,-211.917,-98.038,-1529.133,OK,-282.989,-161.568,-1498.324,OK,-203.852,-191.539,-1521.453
3,Port 0x01: JJH Probe  s/n:3E4C880C,935957293,1782824888.218688109,1,Too Few Markers,-3.697314E28,-3.697314E28,-3.697314E28,-3.697314E28,-3.697314E28,-3.697314E28,-3.697314E28,0.0000000,3,Missing,-3.697314E28,-3.697314E28,-3.697314E28,Missing,-3.697314E28,-3.697314E28,-3.697314E28,Missing,-3.697314E28,-3.697314E28,-3.697314E28,Port 0x02: JJH T tibia tracker  s/n:3E4C8800,935957293,1782824888.218688109,1,OK,0.8534435,-0.1320927,-0.1861297,0.4685525,-0.792,-99.872,-1545.700,0.1532710,3,OK,-0.755,-100.014,-1545.674,OK,49.648,-176.235,-1516.491,OK,-44.802,-175.995,-1563.052,Port 0x03: JJH Y femur tracker  s/n:3E4C8801,935957293,1782824888.218688109,1,OK,0.6666247,0.0937243,0.1595724,0.7220554,-210.460,-98.774,-1525.069,0.4626091,3,OK,-210.274,-98.167,-1525.207,OK,-280.133,-161.792,-1491.897,OK,-201.798,-191.637,-1517.790
3,Port 0x01: JJH Probe  s/n:3E4C880C,935957296,1782824888.268688109,1,Too Few Markers,-3.697314E28,-3.697314E28,-3.697314E28,-3.697314E28,-3.697314E28,-3.697314E28,-3.697314E28,0.0000000,3,Missing,-3.697314E28,-3.697314E28,-3.697314E28,Missing,-3.697314E28,-3.697314E28,-3.697314E28,Missing,-3.697314E28,-3.697314E28,-3.697314E28,Port 0x02: JJH T tibia tracker  s/n:3E4C8800,935957296,1782824888.268688109,1,OK,0.8527416,-0.1348522,-0.1850879,0.4694561,-0.897,-99.834,-1545.427,0.1468047,3,OK,-0.868,-99.976,-1545.404,OK,49.598,-175.976,-1515.696,OK,-44.826,-176.096,-1562.344,Port 0x03: JJH Y femur tracker  s/n:3E4C8801,935957296,1782824888.268688109,1,OK,0.6631608,0.1060486,0.1718716,0.7207160,-208.715,-98.904,-1521.376,0.4641680,3,OK,-208.526,-98.299,-1521.525,OK,-277.085,-161.997,-1485.671,OK,-199.641,-191.739,-1514.315
3,Port 0x01: JJH Probe  s/n:3E4C880C,935957299,1782824888.318688109,1,Too Few Markers,-3.697314E28,-3.697314E28,-3.697314E28,-3.697314E28,-3.697314E28,-3.697314E28,-3.697314E28,0.0000000,3,Missing,-3.697314E28,-3.697314E28,-3.697314E28,Missing,-3.697314E28,-3.697314E28,-3.697314E28,Missing,-3.697314E28,-3.697314E28,-3.697314E28,Port 0x02: JJH T tibia tracker  s/n:3E4C8800,935957299,1782824888.318688109,1,OK,0.8526041,-0.1340837,-0.1857506,0.4696643,-1.066,-99.504,-1545.804,0.1506135,3,OK,-1.044,-99.647,-1545.785,OK,49.486,-175.657,-1516.193,OK,-44.906,-175.770,-1562.873,Port 0x03: JJH Y femur tracker  s/n:3E4C8801,935957299,1782824888.318688109,1,OK,0.6595327,0.1171898,0.1836380,0.7194166,-206.956,-99.022,-1517.902,0.4634203,3,OK,-206.755,-98.425,-1518.066,OK,-273.981,-162.207,-1479.823,OK,-197.447,-191.802,-1510.979
3,Port 0x01: JJH Probe  s/n:3E4C880C,935957302,1782824888.368688109,1,Too Few Markers,-3.697314E28,-3.697314E28,-3.697314E28,-3.697314E28,-3.697314E28,-3.697314E28,-3.697314E28,0.0000000,3,Missing,-3.697314E28,-3.697314E28,-3.697314E28,Missing,-3.697314E28,-3.697314E28,-3.697314E28,Missing,-3.697314E28,-3.697314E28,-3.697314E28,Port 0x02: JJH T tibia tracker  s/n:3E4C8800,935957302,1782824888.368688109,1,OK,0.8521279,-0.1346680,-0.1857932,0.4703440,-1.207,-99.386,-1545.905,0.1615945,3,OK,-1.187,-99.548,-1545.886,OK,49.432,-175.421,-1516.162,OK,-44.925,-175.724,-1562.898,Port 0x03: JJH Y femur tracker  s/n:3E4C8801,935957302,1782824888.368688109,1,OK,0.6558191,0.1288066,0.1951379,0.7177962,-205.045,-99.121,-1514.425,0.4622599,3,OK,-204.838,-98.533,-1514.601,OK,-270.669,-162.383,-1474.044,OK,-195.148,-191.863,-1507.746
3,Port 0x01: JJH Probe  s/n:3E4C880C,935957305,1782824888.418688109,1,Too Few Markers,-3.697314E28,-3.697314E28,-3.697314E28,-3.697314E28,-3.697314E28,-3.697314E28,-3.697314E28,0.0000000,3,Missing,-3.697314E28,-3.697314E28,-3.697314E28,Missing,-3.697314E28,-3.697314E28,-3.697314E28,Missing,-3.697314E28,-3.697314E28,-3.697314E28,Port 0x02: JJH T tibia tracker  s/n:3E4C8800,935957305,1782824888.418688109,1,OK,0.8526601,-0.1323902,-0.1869269,0.4695763,-1.588,-99.272,-1546.497,0.1529944,3,OK,-1.549,-99.411,-1546.469,OK,48.998,-175.495,-1517.177,OK,-45.372,-175.518,-1563.895,Port 0x03: JJH Y femur tracker  s/n:3E4C8801,935957305,1782824888.418688109,1,OK,0.6520816,0.1397107,0.2060014,0.7161242,-203.175,-99.230,-1511.244,0.4681852,3,OK,-202.965,-98.640,-1511.432,OK,-267.392,-162.567,-1468.726,OK,-192.900,-191.946,-1504.800
3,Port 0x01: JJH Probe  s/n:3E4C880C,935957308,1782824888.468688109,1,Too Few Markers,-3.697314E28,-3.697314E28,-3.697314E28,-3.697314E28,-3.697314E28,-3.697314E28,-3.697314E28,0.0000000,3,Missing,-3.697314E28,-3.697314E28,-3.697314E28,Missing,-3.697314E28,-3.697314E28,-3.697314E28,Missing,-3.697314E28,-3.697314E28,-3.697314E28,Port 0x02: JJH T tibia tracker  s/n:3E4C8800,935957308,1782824888.468688109,1,OK,0.8521360,-0.1352777,-0.1859591,0.4700887,-1.658,-99.104,-1546.080,0.1577568,3,OK,-1.625,-99.262,-1546.054,OK,48.906,-175.139,-1516.231,OK,-45.422,-175.441,-1563.058,Port 0x03: JJH Y femur tracker  s/n:3E4C8801,935957308,1782824888.468688109,1,OK,0.6485673,0.1489623,0.2159364,0.7145223,-201.366,-99.350,-1508.435,0.4632917,3,OK,-201.151,-98.773,-1508.635,OK,-264.244,-162.741,-1464.011,OK,-190.744,-192.009,-1502.113
3,Port 0x01: JJH Probe  s/n:3E4C880C,935957311,1782824888.518688109,1,Too Few Markers,-3.697314E28,-3.697314E28,-3.697314E28,-3.697314E28,-3.697314E28,-3.697314E28,-3.697314E28,0.0000000,3,Missing,-3.697314E28,-3.697314E28,-3.697314E28,Missing,-3.697314E28,-3.697314E28,-3.697314E28,Missing,-3.697314E28,-3.697314E28,-3.697314E28,Port 0x02: JJH T tibia tracker  s/n:3E4C8800,935957311,1782824888.518688109,1,OK,0.8506664,-0.1425450,-0.1824039,0.4719920,-1.667,-98.497,-1543.941,0.1441039,3,OK,-1.634,-98.642,-1543.913,OK,48.957,-173.977,-1512.770,OK,-45.355,-175.159,-1559.672,Port 0x03: JJH Y femur tracker  s/n:3E4C8801,935957311,1782824888.518688109,1,OK,0.6450352,0.1586012,0.2249073,0.7128759,-199.566,-99.458,-1505.790,0.4600585,3,OK,-199.356,-98.890,-1505.995,OK,-261.127,-162.932,-1459.653,OK,-188.628,-192.099,-1499.774
3,Port 0x01: JJH Probe  s/n:3E4C880C,935957314,1782824888.568688109,1,Too Few Markers,-3.697314E28,-3.697314E28,-3.697314E28,-3.697314E28,-3.697314E28,-3.697314E28,-3.697314E28,0.0000000,3,Missing,-3.697314E28,-3.697314E28,-3.697314E28,Missing,-3.697314E28,-3.697314E28,-3.697314E28,Missing,-3.697314E28,-3.697314E28,-3.697314E28,Port 0x02: JJH T tibia tracker  s/n:3E4C8800,935957314,1782824888.568688109,1,OK,0.8495778,-0.1481108,-0.1798318,0.4732244,-1.798,-97.895,-1542.528,0.1315666,3,OK,-1.779,-98.035,-1542.506,OK,48.843,-172.968,-1510.347,OK,-45.450,-174.757,-1557.331,Port 0x03: JJH Y femur tracker  s/n:3E4C8801,935957314,1782824888.568688109,1,OK,0.6417351,0.1665983,0.2333038,0.7113300,-197.892,-99.460,-1503.411,0.4554753,3,OK,-197.683,-98.899,-1503.625,OK,-258.193,-162.992,-1455.722,OK,-186.663,-192.057,-1497.535
3,Port 0x01: JJH Probe  s/n:3E4C880C,935957317,1782824888.618688109,1,Too Few Markers,-3.697314E28,-3.697314E28,-3.697314E28,-3.697314E28,-3.697314E28,-3.697314E28,-3.697314E28,0.0000000,3,Missing,-3.697314E28,-3.697314E28,-3.697314E28,Missing,-3.697314E28,-3.697314E28,-3.697314E28,Missing,-3.697314E28,-3.697314E28,-3.697314E28,Port 0x02: JJH T tibia tracker  s/n:3E4C8800,935957317,1782824888.618688109,1,OK,0.8488354,-0.1518475,-0.1775656,0.4742271,-1.854,-97.570,-1541.461,0.1399816,3,OK,-1.838,-97.700,-1541.441,OK,48.808,-172.335,-1508.626,OK,-45.457,-174.581,-1555.540,Port 0x03: JJH Y femur tracker  s/n:3E4C8801,935957317,1782824888.618688109,1,OK,0.6385713,0.1745152,0.2411976,0.7096441,-196.287,-99.613,-1501.269,0.4557674,3,OK,-196.075,-99.061,-1501.492,OK,-255.394,-163.182,-1452.115,OK,-184.791,-192.180,-1495.596
3,Port 0x01: JJH Probe  s/n:3E4C880C,935957320,1782824888.668688109,1,Too Few Markers,-3.697314E28,-3.697314E28,-3.697314E28,-3.697314E28,-3.697314E28,-3.697314E28,-3.697314E28,0.0000000,3,Missing,-3.697314E28,-3.697314E28,-3.697314E28,Missing,-3.697314E28,-3.697314E28,-3.697314E28,Missing,-3.697314E28,-3.697314E28,-3.697314E28,Port 0x02: JJH T tibia tracker  s/n:3E4C8800,935957320,1782824888.668688109,1,OK,0.8477873,-0.1563622,-0.1757846,0.4752970,-1.973,-96.950,-1539.983,0.1279335,3,OK,-1.945,-97.091,-1539.954,OK,48.722,-171.332,-1506.321,OK,-45.547,-174.134,-1553.363,Port 0x03: JJH Y femur tracker  s/n:3E4C8801,935957320,1782824888.668688109,1,OK,0.6356290,0.1817609,0.2480867,0.7080902,-194.774,-99.622,-1499.358,0.4565870,3,OK,-194.563,-99.074,-1499.588,OK,-252.773,-163.245,-1448.949,OK,-183.054,-192.169,-1493.910
3,Port 0x01: JJH Probe  s/n:3E4C880C,935957323,1782824888.718688109,1,Too Few Markers,-3.697314E28,-3.697314E28,-3.697314E28,-3.697314E28,-3.697314E28,-3.697314E28,-3.697314E28,0.0000000,3,Missing,-3.697314E28,-3.697314E28,-3.697314E28,Missing,-3.697314E28,-3.697314E28,-3.697314E28,Missing,-3.697314E28,-3.697314E28,-3.697314E28,Port 0x02: JJH T tibia tracker  s/n:3E4C8800,935957323,1782824888.718688109,1,OK,0.8471249,-0.1593091,-0.1746102,0.4759320,-2.053,-96.620,-1539.237,0.1142782,3,OK,-2.037,-96.757,-1539.213,OK,48.659,-170.776,-1505.033,OK,-45.603,-173.897,-1552.154,Port 0x03: JJH Y femur tracker  s/n:3E4C8801,935957323,1782824888.718688109,1,OK,0.6328636,0.1877094,0.2547077,0.7066631,-193.361,-99.729,-1497.674,0.4638665,3,OK,-193.141,-99.178,-1497.920,OK,-250.303,-163.385,-1446.090,OK,-181.411,-192.233,-1492.298
3,Port 0x01: JJH Probe  s/n:3E4C880C,935957326,1782824888.768688109,1,Too Few Markers,-3.697314E28,-3.697314E28,-3.697314E28,-3.697314E28,-3.697314E28,-3.697314E28,-3.697314E28,0.0000000,3,Missing,-3.697314E28,-3.697314E28,-3.697314E28,Missing,-3.697314E28,-3.697314E28,-3.697314E28,Missing,-3.697314E28,-3.697314E28,-3.697314E28,Port 0x02: JJH T tibia tracker  s/n:3E4C8800,935957326,1782824888.768688109,1,OK,0.8462062,-0.1633282,-0.1721149,0.4771116,-1.973,-96.258,-1537.984,0.1285067,3,OK,-1.952,-96.400,-1537.956,OK,48.782,-170.032,-1503.084,OK,-45.460,-173.688,-1550.108,Port 0x03: JJH Y femur tracker  s/n:3E4C8801,935957326,1782824888.768688109,1,OK,0.6300702,0.1939797,0.2608367,0.7052288,-191.949,-99.822,-1496.049,0.4575337,3,OK,-191.734,-99.280,-1496.298,OK,-247.844,-163.524,-1443.391,OK,-179.787,-192.300,-1490.861
3,Port 0x01: JJH Probe  s/n:3E4C880C,935957329,1782824888.818688109,1,Too Few Markers,-3.697314E28,-3.697314E28,-3.697314E28,-3.697314E28,-3.697314E28,-3.697314E28,-3.697314E28,0.0000000,3,Missing,-3.697314E28,-3.697314E28,-3.697314E28,Missing,-3.697314E28,-3.697314E28,-3.697314E28,Missing,-3.697314E28,-3.697314E28,-3.697314E28,Port 0x02: JJH T tibia tracker  s/n:3E4C8800,935957329,1782824888.818688109,1,OK,0.8448183,-0.1696565,-0.1689962,0.4784756,-2.029,-95.579,-1536.299,0.1112990,3,OK,-2.026,-95.709,-1536.279,OK,48.755,-168.832,-1500.269,OK,-45.478,-173.190,-1547.328,Port 0x03: JJH Y femur tracker  s/n:3E4C8801,935957329,1782824888.818688109,1,OK,0.6272597,0.2005407,0.2668124,0.7036617,-190.547,-99.795,-1494.352,0.4542188,3,OK,-190.341,-99.256,-1494.602,OK,-245.378,-163.550,-1440.661,OK,-178.209,-192.264,-1489.404
3,Port 0x01: JJH Probe  s/n:3E4C880C,935957332,1782824888.868688109,1,Too Few Markers,-3.697314E28,-3.697314E28,-3.697314E28,-3.697314E28,-3.697314E28,-3.697314E28,-3.697314E28,0.0000000,3,Missing,-3.697314E28,-3.697314E28,-3.697314E28,Missing,-3.697314E28,-3.697314E28,-3.697314E28,Missing,-3.697314E28,-3.697314E28,-3.697314E28,Port 0x02: JJH T tibia tracker  s/n:3E4C8800,935957332,1782824888.868688109,1,OK,0.8435377,-0.1744688,-0.1666636,0.4798208,-2.028,-95.039,-1534.656,0.0949861,3,OK,-2.015,-95.159,-1534.631,OK,48.832,-167.822,-1497.763,OK,-45.418,-172.831,-1544.853,Port 0x03: JJH Y femur tracker  s/n:3E4C8801,935957332,1782824888.868688109,1,OK,0.6245350,0.2066442,0.2727488,0.7020415,-189.129,-99.891,-1492.807,0.4558357,3,OK,-188.924,-99.355,-1493.063,OK,-242.930,-163.669,-1438.091,OK,-176.607,-192.344,-1488.049
3,Port 0x01: JJH Probe  s/n:3E4C880C,935957335,1782824888.918688109,1,Too Few Markers,-3.697314E28,-3.697314E28,-3.697314E28,-3.697314E28,-3.697314E28,-3.697314E28,-3.697314E28,0.0000000,3,Missing,-3.697314E28,-3.697314E28,-3.697314E28,Missing,-3.697314E28,-3.697314E28,-3.697314E28,Missing,-3.697314E28,-3.697314E28,-3.697314E28,Port 0x02: JJH T tibia tracker  s/n:3E4C8800,935957335,1782824888.918688109,1,OK,0.8421845,-0.1792316,-0.1642408,0.4812756,-1.959,-94.362,-1532.791,0.1155738,3,OK,-1.931,-94.511,-1532.752,OK,48.982,-166.629,-1495.058,OK,-45.258,-172.318,-1542.133,Port 0x03: JJH Y femur tracker  s/n:3E4C8801,935957335,1782824888.918688109,1,OK,0.6218900,0.2125448,0.2781344,0.7005132,-187.693,-99.887,-1491.303,0.4497879,3,OK,-187.497,-99.357,-1491.558,OK,-240.500,-163.704,-1435.682,OK,-175.013,-192.331,-1486.771
3,Port 0x01: JJH Probe  s/n:3E4C880C,935957338,1782824888.968688113,1,Too Few Markers,-3.697314E28,-3.697314E28,-3.697314E28,-3.697314E28,-3.697314E28,-3.697314E28,-3.697314E28,0.0000000,3,Missing,-3.697314E28,-3.697314E28,-3.697314E28,Missing,-3.697314E28,-3.697314E28,-3.697314E28,Missing,-3.697314E28,-3.697314E28,-3.697314E28,Port 0x02: JJH T tibia tracker  s/n:3E4C8800,935957338,1782824888.968688113,1,OK,0.8407122,-0.1847585,-0.1606044,0.4829839,-1.904,-93.583,-1530.962,0.1164990,3,OK,-1.881,-93.731,-1530.924,OK,49.149,-165.265,-1492.280,OK,-45.107,-171.707,-1539.173,Port 0x03: JJH Y femur tracker  s/n:3E4C8801,935957338,1782824888.968688113,1,OK,0.6191778,0.2184700,0.2835548,0.6989180,-186.389,-99.916,-1489.940,0.4364145,3,OK,-186.203,-99.408,-1490.191,OK,-238.186,-163.765,-1433.416,OK,-173.544,-192.342,-1485.644
3,Port 0x01: JJH Probe  s/n:3E4C880C,935957341,1782824889.018688113,1,Too Few Markers,-3.697314E28,-3.697314E28,-3.697314E28,-3.697314E28,-3.697314E28,-3.697314E28,-3.697314E28,0.0000000,3,Missing,-3.697314E28,-3.697314E28,-3.697314E28,Missing,-3.697314E28,-3.697314E28,-3.697314E28,Missing,-3.697314E28,-3.697314E28,-3.697314E28,Port 0x02: JJH T tibia tracker  s/n:3E4C8800,935957341,1782824889.018688113,1,OK,0.8391525,-0.1898480,-0.1579007,0.4846113,-1.778,-92.876,-1529.496,0.0958147,3,OK,-1.763,-93.003,-1529.464,OK,49.404,-164.009,-1489.908,OK,-44.869,-171.170,-1536.767,Port 0x03: JJH Y femur tracker  s/n:3E4C8801,935957341,1782824889.018688113,1,OK,0.6165662,0.2236812,0.2891138,0.6972991,-185.063,-99.989,-1488.636,0.4392633,3,OK,-184.870,-99.484,-1488.900,OK,-235.853,-163.849,-1431.203,OK,-172.058,-192.376,-1484.441
3,Port 0x01: JJH Probe  s/n:3E4C880C,935957344,1782824889.068688113,1,Too Few Markers,-3.697314E28,-3.697314E28,-3.697314E28,-3.697314E28,-3.697314E28,-3.697314E28,-3.697314E28,0.0000000,3,Missing,-3.697314E28,-3.697314E28,-3.697314E28,Missing,-3.697314E28,-3.697314E28,-3.697314E28,Missing,-3.697314E28,-3.697314E28,-3.697314E28,Port 0x02: JJH T tibia tracker  s/n:3E4C8800,935957344,1782824889.068688113,1,OK,0.8374945,-0.1936751,-0.1550455,0.4868818,-1.571,-91.920,-1527.682,0.1243699,3,OK,-1.530,-92.075,-1527.631,OK,49.866,-162.441,-1487.439,OK,-44.429,-170.425,-1534.066,Port 0x03: JJH Y femur tracker  s/n:3E4C8801,935957344,1782824889.068688113,1,OK,0.6138044,0.2289202,0.2946152,0.6957310,-183.618,-99.986,-1487.267,0.4443495,3,OK,-183.426,-99.473,-1487.538,OK,-233.368,-163.872,-1428.955,OK,-170.429,-192.350,-1483.196
3,Port 0x01: JJH Probe  s/n:3E4C880C,935957347,1782824889.118688113,1,Too Few Markers,-3.697314E28,-3.697314E28,-3.697314E28,-3.697314E28,-3.697314E28,-3.697314E28,-3.697314E28,0.0000000,3,Missing,-3.697314E28,-3.697314E28,-3.697314E28,Missing,-3.697314E28,-3.697314E28,-3.697314E28,Missing,-3.697314E28,-3.697314E28,-3.697314E28,Port 0x02: JJH T tibia tracker  s/n:3E4C8800,935957347,1782824889.118688113,1,OK,0.8351384,-0.2003818,-0.1513421,0.4893737,-1.268,-90.864,-1525.747,0.1154479,3,OK,-1.241,-91.007,-1525.703,OK,50.370,-160.574,-1484.338,OK,-43.876,-169.582,-1530.828,Port 0x03: JJH Y femur tracker  s/n:3E4C8801,935957347,1782824889.118688113,1,OK,0.6108964,0.2348125,0.3003195,0.6938854,-182.135,-100.059,-1485.892,0.4453472,3,OK,-181.940,-99.556,-1486.175,OK,-230.790,-163.972,-1426.669,OK,-168.793,-192.392,-1482.016
3,Port 0x01: JJH Probe  s/n:3E4C880C,935957350,1782824889.168688113,1,Too Few Markers,-3.697314E28,-3.697314E28,-3.697314E28,-3.697314E28,-3.697314E28,-3.697314E28,-3.697314E28,0.0000000,3,Missing,-3.697314E28,-3.697314E28,-3.697314E28,Missing,-3.697314E28,-3.697314E28,-3.697314E28,Missing,-3.697314E28,-3.697314E28,-3.697314E28,Port 0x02: JJH T tibia tracker  s/n:3E4C8800,935957350,1782824889.168688113,1,OK,0.8322945,-0.2081532,-0.1472540,0.4922137,-1.018,-89.443,-1523.268,0.1078655,3,OK,-0.990,-89.582,-1523.221,OK,50.865,-158.172,-1480.509,OK,-43.366,-168.399,-1526.884,Port 0x03: JJH Y femur tracker  s/n:3E4C8801,935957350,1782824889.168688113,1,OK,0.6078508,0.2408963,0.3059854,0.6919966,-180.603,-100.032,-1484.510,0.4404404,3,OK,-180.417,-99.536,-1484.791,OK,-228.128,-163.970,-1424.404,OK,-167.096,-192.355,-1480.876
3,Port 0x01: JJH Probe  s/n:3E4C880C,935957353,1782824889.218688113,1,Too Few Markers,-3.697314E28,-3.697314E28,-3.697314E28,-3.697314E28,-3.697314E28,-3.697314E28,-3.697314E28,0.0000000,3,Missing,-3.697314E28,-3.697314E28,-3.697314E28,Missing,-3.697314E28,-3.697314E28,-3.697314E28,Missing,-3.697314E28,-3.697314E28,-3.697314E28,Port 0x02: JJH T tibia tracker  s/n:3E4C8800,935957353,1782824889.218688113,1,OK,0.8292828,-0.2156785,-0.1432189,0.4952385,-0.702,-88.041,-1520.849,0.0979948,3,OK,-0.681,-88.170,-1520.806,OK,51.462,-155.755,-1476.792,OK,-42.732,-167.225,-1523.009,Port 0x03: JJH Y femur tracker  s/n:3E4C8801,935957353,1782824889.218688113,1,OK,0.6047003,0.2466309,0.3120497,0.6900259,-179.010,-100.131,-1483.191,0.4506857,3,OK,-178.817,-99.631,-1483.490,OK,-225.346,-164.087,-1422.156,OK,-165.323,-192.415,-1479.692
3,Port 0x01: JJH Probe  s/n:3E4C880C,935957356,1782824889.268688113,1,Too Few Markers,-3.697314E28,-3.697314E28,-3.697314E28,-3.697314E28,-3.697314E28,-3.697314E28,-3.697314E28,0.0000000,3,Missing,-3.697314E28,-3.697314E28,-3.697314E28,Missing,-3.697314E28,-3.697314E28,-3.697314E28,Missing,-3.697314E28,-3.697314E28,-3.697314E28,Port 0x02: JJH T tibia tracker  s/n:3E4C8800,935957356,1782824889.268688113,1,OK,0.8263988,-0.2220269,-0.1396775,0.4982562,-0.356,-86.526,-1518.634,0.1173031,3,OK,-0.313,-86.671,-1518.573,OK,52.105,-153.259,-1473.505,OK,-42.041,-165.930,-1519.515,Port 0x03: JJH Y femur tracker  s/n:3E4C8801,935957356,1782824889.268688113,1,OK,0.6017241,0.2524160,0.3173918,0.6880965,-177.428,-100.113,-1481.878,0.4328268,3,OK,-177.247,-99.630,-1482.170,OK,-222.630,-164.096,-1420.070,OK,-163.625,-192.373,-1478.591
3,Port 0x01: JJH Probe  s/n:3E4C880C,935957359,1782824889.318688113,1,Too Few Markers,-3.697314E28,-3.697314E28,-3.697314E28,-3.697314E28,-3.697314E28,-3.697314E28,-3.697314E28,0.0000000,3,Missing,-3.697314E28,-3.697314E28,-3.697314E28,Missing,-3.697314E28,-3.697314E28,-3.697314E28,Missing,-3.697314E28,-3.697314E28,-3.697314E28,Port 0x02: JJH T tibia tracker  s/n:3E4C8800,935957359,1782824889.318688113,1,OK,0.8233368,-0.2291460,-0.1361874,0.5010605,0.027,-85.092,-1516.385,0.1132634,3,OK,0.052,-85.239,-1516.330,OK,52.733,-150.823,-1470.045,OK,-41.324,-164.657,-1515.925,Port 0x03: JJH Y femur tracker  s/n:3E4C8801,935957359,1782824889.318688113,1,OK,0.5989972,0.2576737,0.3222333,0.6862742,-175.981,-100.129,-1480.607,0.4193193,3,OK,-175.810,-99.664,-1480.893,OK,-220.170,-164.119,-1418.086,OK,-162.056,-192.375,-1477.540
3,Port 0x01: JJH Probe  s/n:3E4C880C,935957362,1782824889.368688113,1,Too Few Markers,-3.697314E28,-3.697314E28,-3.697314E28,-3.697314E28,-3.697314E28,-3.697314E28,-3.697314E28,0.0000000,3,Missing,-3.697314E28,-3.697314E28,-3.697314E28,Missing,-3.697314E28,-3.697314E28,-3.697314E28,Missing,-3.697314E28,-3.697314E28,-3.697314E28,Port 0x02: JJH T tibia tracker  s/n:3E4C8800,935957362,1782824889.368688113,1,OK,0.8217715,-0.2307503,-0.1353110,0.5031270,0.345,-84.323,-1515.448,0.1264356,3,OK,0.394,-84.476,-1515.379,OK,53.327,-149.592,-1468.825,OK,-40.687,-164.068,-1514.593,Port 0x03: JJH Y femur tracker  s/n:3E4C8801,935957362,1782824889.368688113,1,OK,0.5967483,0.2617317,0.3260983,0.6848708,-174.839,-100.158,-1479.698,0.4231853,3,OK,-174.668,-99.691,-1479.990,OK,-218.201,-164.176,-1416.621,OK,-160.807,-192.389,-1476.784
3,Port 0x01: JJH Probe  s/n:3E4C880C,935957365,1782824889.418688113,1,Too Few Markers,-3.697314E28,-3.697314E28,-3.697314E28,-3.697314E28,-3.697314E28,-3.697314E28,-3.697314E28,0.0000000,3,Missing,-3.697314E28,-3.697314E28,-3.697314E28,Missing,-3.697314E28,-3.697314E28,-3.697314E28,Missing,-3.697314E28,-3.697314E28,-3.697314E28,Port 0x02: JJH T tibia tracker  s/n:3E4C8800,935957365,1782824889.418688113,1,OK,0.8199608,-0.2331728,-0.1347591,0.5051087,0.649,-83.553,-1514.435,0.1394874,3,OK,0.710,-83.716,-1514.355,OK,53.862,-148.308,-1467.367,OK,-40.076,-163.468,-1513.164,Port 0x03: JJH Y femur tracker  s/n:3E4C8801,935957365,1782824889.418688113,1,OK,0.5949802,0.2650252,0.3289701,0.6837682,-173.936,-100.147,-1478.971,0.4029441,3,OK,-173.785,-99.692,-1479.244,OK,-216.646,-164.176,-1415.510,OK,-159.831,-192.383,-1476.214
3,Port 0x01: JJH Probe  s/n:3E4C880C,935957368,1782824889.468688113,1,Too Few Markers,-3.697314E28,-3.697314E28,-3.697314E28,-3.697314E28,-3.697314E28,-3.697314E28,-3.697314E28,0.0000000,3,Missing,-3.697314E28,-3.697314E28,-3.697314E28,Missing,-3.697314E28,-3.697314E28,-3.697314E28,Missing,-3.697314E28,-3.697314E28,-3.697314E28,Port 0x02: JJH T tibia tracker  s/n:3E4C8800,935957368,1782824889.468688113,1,OK,0.8192433,-0.2334852,-0.1344641,0.5062060,0.926,-83.114,-1514.279,0.1297285,3,OK,0.977,-83.271,-1514.207,OK,54.300,-147.692,-1467.147,OK,-39.591,-163.114,-1512.864,Port 0x03: JJH Y femur tracker  s/n:3E4C8801,935957368,1782824889.468688113,1,OK,0.5941398,0.2662905,0.3306753,0.6831846,-173.454,-100.019,-1478.569,0.4018695,3,OK,-173.300,-99.567,-1478.847,OK,-215.827,-164.031,-1414.871,OK,-159.300,-192.232,-1475.795
3,Port 0x01: JJH Probe  s/n:3E4C880C,935957371,1782824889.518688113,1,Too Few Markers,-3.697314E28,-3.697314E28,-3.697314E28,-3.697314E28,-3.697314E28,-3.697314E28,-3.697314E28,0.0000000,3,Missing,-3.697314E28,-3.697314E28,-3.697314E28,Missing,-3.697314E28,-3.697314E28,-3.697314E28,Missing,-3.697314E28,-3.697314E28,-3.697314E28,Port 0x02: JJH T tibia tracker  s/n:3E4C8800,935957371,1782824889.518688113,1,OK,0.8189557,-0.2329969,-0.1353718,0.5066542,1.123,-83.107,-1514.646,0.1146780,3,OK,1.160,-83.250,-1514.585,OK,54.578,-147.684,-1467.546,OK,-39.275,-163.171,-1513.386,Port 0x03: JJH Y femur tracker  s/n:3E4C8801,935957371,1782824889.518688113,1,OK,0.5942927,0.2661438,0.3305860,0.6831519,-173.530,-99.993,-1478.624,0.4087251,3,OK,-173.371,-99.536,-1478.907,OK,-215.945,-163.992,-1414.925,OK,-159.395,-192.208,-1475.830
3,Port 0x01: JJH Probe  s/n:3E4C880C,935957374,1782824889.568688113,1,Too Few Markers,-3.697314E28,-3.697314E28,-3.697314E28,-3.697314E28,-3.697314E28,-3.697314E28,-3.697314E28,0.0000000,3,Missing,-3.697314E28,-3.697314E28,-3.697314E28,Missing,-3.697314E28,-3.697314E28,-3.697314E28,Missing,-3.697314E28,-3.697314E28,-3.697314E28,Port 0x02: JJH T tibia tracker  s/n:3E4C8800,935957374,1782824889.568688113,1,OK,0.8195029,-0.2305450,-0.1365443,0.5065765,1.200,-83.374,-1515.398,0.1060292,3,OK,1.229,-83.510,-1515.344,OK,54.713,-148.191,-1468.690,OK,-39.141,-163.462,-1514.542,Port 0x03: JJH Y femur tracker  s/n:3E4C8801,935957374,1782824889.568688113,1,OK,0.5952893,0.2643360,0.3287810,0.6838568,-174.061,-99.933,-1479.004,0.4083981,3,OK,-173.905,-99.470,-1479.283,OK,-216.847,-163.934,-1415.571,OK,-159.973,-192.159,-1476.148
3,Port 0x01: JJH Probe  s/n:3E4C880C,935957377,1782824889.618688113,1,Too Few Markers,-3.697314E28,-3.697314E28,-3.697314E28,-3.697314E28,-3.697314E28,-3.697314E28,-3.697314E28,0.0000000,3,Missing,-3.697314E28,-3.697314E28,-3.697314E28,Missing,-3.697314E28,-3.697314E28,-3.697314E28,Missing,-3.697314E28,-3.697314E28,-3.697314E28,Port 0x02: JJH T tibia tracker  s/n:3E4C8800,935957377,1782824889.618688113,1,OK,0.8208402,-0.2258477,-0.1396194,0.5056882,1.276,-84.108,-1516.819,0.1149965,3,OK,1.303,-84.258,-1516.764,OK,54.775,-149.466,-1470.851,OK,-39.080,-164.189,-1516.917,Port 0x03: JJH Y femur tracker  s/n:3E4C8801,935957377,1782824889.618688113,1,OK,0.5970269,0.2611231,0.3260129,0.6849009,-174.939,-99.951,-1479.757,0.4160748,3,OK,-174.772,-99.487,-1480.044,OK,-218.359,-163.922,-1416.698,OK,-160.920,-192.177,-1476.749
3,Port 0x01: JJH Probe  s/n:3E4C880C,935957380,1782824889.668688113,1,Too Few Markers,-3.697314E28,-3.697314E28,-3.697314E28,-3.697314E28,-3.697314E28,-3.697314E28,-3.697314E28,0.0000000,3,Missing,-3.697314E28,-3.697314E28,-3.697314E28,Missing,-3.697314E28,-3.697314E28,-3.697314E28,Missing,-3.697314E28,-3.697314E28,-3.697314E28,Port 0x02: JJH T tibia tracker  s/n:3E4C8800,935957380,1782824889.668688113,1,OK,0.8229240,-0.2179346,-0.1442033,0.5044860,1.244,-85.112,-1518.796,0.1193542,3,OK,1.288,-85.260,-1518.736,OK,54.769,-151.305,-1474.108,OK,-39.100,-165.198,-1520.386,Port 0x03: JJH Y femur tracker  s/n:3E4C8801,935957380,1782824889.668688113,1,OK,0.5992950,0.2567687,0.3221745,0.6863810,-176.152,-99.968,-1480.723,0.4324328,3,OK,-175.973,-99.488,-1481.021,OK,-220.412,-163.922,-1418.207,OK,-162.223,-192.201,-1477.517
3,Port 0x01: JJH Probe  s/n:3E4C880C,935957383,1782824889.718688113,1,Too Few Markers,-3.697314E28,-3.697314E28,-3.697314E28,-3.697314E28,-3.697314E28,-3.697314E28,-3.697314E28,0.0000000,3,Missing,-3.697314E28,-3.697314E28,-3.697314E28,Missing,-3.697314E28,-3.697314E28,-3.697314E28,Missing,-3.697314E28,-3.697314E28,-3.697314E28,Port 0x02: JJH T tibia tracker  s/n:3E4C8800,935957383,1782824889.718688113,1,OK,0.8250743,-0.2100703,-0.1494247,0.5027874,1.192,-86.210,-1521.184,0.1021682,3,OK,1.224,-86.340,-1521.138,OK,54.640,-153.312,-1477.766,OK,-39.157,-166.231,-1524.364,Port 0x03: JJH Y femur tracker  s/n:3E4C8801,935957383,1782824889.718688113,1,OK,0.6022508,0.2516228,0.3168514,0.6881752,-177.678,-99.926,-1481.939,0.4275008,3,OK,-177.500,-99.450,-1482.227,OK,-223.040,-163.857,-1420.198,OK,-163.914,-192.191,-1478.590
3,Port 0x01: JJH Probe  s/n:3E4C880C,935957386,1782824889.768688113,1,Too Few Markers,-3.697314E28,-3.697314E28,-3.697314E28,-3.697314E28,-3.697314E28,-3.697314E28,-3.697314E28,0.0000000,3,Missing,-3.697314E28,-3.697314E28,-3.697314E28,Missing,-3.697314E28,-3.697314E28,-3.697314E28,Missing,-3.697314E28,-3.697314E28,-3.697314E28,Port 0x02: JJH T tibia tracker  s/n:3E4C8800,935957386,1782824889.768688113,1,OK,0.8272529,-0.1999401,-0.1550097,0.5016459,1.340,-87.215,-1523.885,0.1012351,3,OK,1.361,-87.344,-1523.848,OK,54.915,-155.263,-1482.125,OK,-38.890,-167.182,-1528.898,Port 0x03: JJH Y femur tracker  s/n:3E4C8801,935957386,1782824889.768688113,1,OK,0.6058339,0.2446617,0.3105991,0.6903869,-179.474,-99.933,-1483.455,0.4397547,3,OK,-179.288,-99.436,-1483.744,OK,-226.156,-163.812,-1422.644,OK,-165.874,-192.225,-1479.806
3,Port 0x01: JJH Probe  s/n:3E4C880C,935957389,1782824889.818688113,1,Too Few Markers,-3.697314E28,-3.697314E28,-3.697314E28,-3.697314E28,-3.697314E28,-3.697314E28,-3.697314E28,0.0000000,3,Missing,-3.697314E28,-3.697314E28,-3.697314E28,Missing,-3.697314E28,-3.697314E28,-3.697314E28,Missing,-3.697314E28,-3.697314E28,-3.697314E28,Port 0x02: JJH T tibia tracker  s/n:3E4C8800,935957389,1782824889.818688113,1,OK,0.8294036,-0.1869827,-0.1625918,0.5006906,1.753,-88.226,-1527.514,0.1010333,3,OK,1.761,-88.358,-1527.487,OK,55.588,-157.336,-1487.861,OK,-38.209,-168.127,-1534.908,Port 0x03: JJH Y femur tracker  s/n:3E4C8801,935957389,1782824889.818688113,1,OK,0.6098779,0.2371179,0.3030651,0.6928027,-181.528,-99.923,-1485.266,0.4424013,3,OK,-181.337,-99.424,-1485.548,OK,-229.727,-163.764,-1425.598,OK,-168.157,-192.250,-1481.385
3,Port 0x01: JJH Probe  s/n:3E4C880C,935957392,1782824889.868688113,1,Too Few Markers,-3.697314E28,-3.697314E28,-3.697314E28,-3.697314E28,-3.697314E28,-3.697314E28,-3.697314E28,0.0000000,3,Missing,-3.697314E28,-3.697314E28,-3.697314E28,Missing,-3.697314E28,-3.697314E28,-3.697314E28,Missing,-3.697314E28,-3.697314E28,-3.697314E28,Port 0x02: JJH T tibia tracker  s/n:3E4C8800,935957392,1782824889.868688113,1,OK,0.8311831,-0.1720025,-0.1713675,0.5001829,2.384,-89.004,-1531.597,0.1098565,3,OK,2.389,-89.129,-1531.578,OK,56.607,-159.149,-1494.404,OK,-37.109,-168.820,-1541.695,Port 0x03: JJH Y femur tracker  s/n:3E4C8801,935957392,1782824889.868688113,1,OK,0.6141412,0.2283907,0.2948125,0.6955242,-183.765,-99.790,-1487.341,0.4474406,3,OK,-183.569,-99.279,-1487.617,OK,-233.575,-163.595,-1428.978,OK,-170.609,-192.149,-1483.152
3,Port 0x01: JJH Probe  s/n:3E4C880C,935957395,1782824889.918688113,1,Too Few Markers,-3.697314E28,-3.697314E28,-3.697314E28,-3.697314E28,-3.697314E28,-3.697314E28,-3.697314E28,0.0000000,3,Missing,-3.697314E28,-3.697314E28,-3.697314E28,Missing,-3.697314E28,-3.697314E28,-3.697314E28,Missing,-3.697314E28,-3.697314E28,-3.697314E28,Port 0x02: JJH T tibia tracker  s/n:3E4C8800,935957395,1782824889.918688113,1,OK,0.8337946,-0.1570994,-0.1806831,0.4974535,2.489,-90.052,-1535.556,0.1196699,3,OK,2.496,-90.180,-1535.541,OK,56.755,-161.426,-1500.880,OK,-36.888,-169.499,-1548.531,Port 0x03: JJH Y femur tracker  s/n:3E4C8801,935957395,1782824889.918688113,1,OK,0.6186715,0.2189611,0.2859821,0.6982233,-186.099,-99.666,-1489.634,0.4569935,3,OK,-185.896,-99.140,-1489.906,OK,-237.616,-163.407,-1432.692,OK,-173.191,-192.061,-1485.108
3,Port 0x01: JJH Probe  s/n:3E4C880C,935957398,1782824889.968688112,1,Too Few Markers,-3.697314E28,-3.697314E28,-3.697314E28,-3.697314E28,-3.697314E28,-3.697314E28,-3.697314E28,0.0000000,3,Missing,-3.697314E28,-3.697314E28,-3.697314E28,Missing,-3.697314E28,-3.697314E28,-3.697314E28,Missing,-3.697314E28,-3.697314E28,-3.697314E28,Port 0x02: JJH T tibia tracker  s/n:3E4C8800,935957398,1782824889.968688112,1,OK,0.8371078,-0.1432279,-0.1873828,0.4935829,2.207,-91.302,-1539.557,0.1252058,3,OK,2.198,-91.426,-1539.553,OK,56.368,-163.911,-1507.344,OK,-37.397,-170.176,-1554.972,Port 0x03: JJH Y femur tracker  s/n:3E4C8801,935957398,1782824889.968688112,1,OK,0.6234158,0.2097701,0.2757565,0.7009334,-188.455,-99.650,-1491.969,0.4436415,3,OK,-188.264,-99.126,-1492.215,OK,-241.767,-163.369,-1436.733,OK,-175.904,-192.111,-1487.292
3,Port 0x01: JJH Probe  s/n:3E4C880C,935957401,1782824890.018688112,1,Too Few Markers,-3.697314E28,-3.697314E28,-3.697314E28,-3.697314E28,-3.697314E28,-3.697314E28,-3.697314E28,0.0000000,3,Missing,-3.697314E28,-3.697314E28,-3.697314E28,Missing,-3.697314E28,-3.697314E28,-3.697314E28,Missing,-3.697314E28,-3.697314E28,-3.697314E28,Port 0x02: JJH T tibia tracker  s/n:3E4C8800,935957401,1782824890.018688112,1,OK,0.8398933,-0.1282056,-0.1941296,0.4903633,1.929,-92.151,-1542.875,0.1562134,3,OK,1.968,-92.305,-1542.851,OK,56.115,-165.786,-1513.358,OK,-37.785,-170.459,-1560.804,Port 0x03: JJH Y femur tracker  s/n:3E4C8801,935957401,1782824890.018688112,1,OK,0.6279778,0.1993967,0.2664979,0.7034655,-190.790,-99.552,-1494.584,0.4475441,3,OK,-190.586,-99.021,-1494.831,OK,-245.791,-163.186,-1440.936,OK,-178.535,-192.019,-1489.480
3,Port 0x01: JJH Probe  s/n:3E4C880C,935957404,1782824890.068688112,1,Too Few Markers,-3.697314E28,-3.697314E28,-3.697314E28,-3.697314E28,-3.697314E28,-3.697314E28,-3.697314E28,0.0000000,3,Missing,-3.697314E28,-3.697314E28,-3.697314E28,Missing,-3.697314E28,-3.697314E28,-3.697314E28,Missing,-3.697314E28,-3.697314E28,-3.697314E28,Port 0x02: JJH T tibia tracker  s/n:3E4C8800,935957404,1782824890.068688112,1,OK,0.8419476,-0.1176999,-0.1991149,0.4874672,1.737,-92.840,-1545.750,0.1496801,3,OK,1.779,-92.974,-1545.728,OK,55.863,-167.254,-1518.134,OK,-38.132,-170.646,-1565.488,Port 0x03: JJH Y femur tracker  s/n:3E4C8801,935957404,1782824890.068688112,1,OK,0.6323301,0.1897064,0.2568870,0.7058181,-192.980,-99.460,-1497.133,0.4560458,3,OK,-192.772,-98.911,-1497.373,OK,-249.623,-163.035,-1445.160,OK,-181.045,-191.974,-1491.757
3,Port 0x01: JJH Probe  s/n:3E4C880C,935957407,1782824890.118688112,1,Too Few Markers,-3.697314E28,-3.697314E28,-3.697314E28,-3.697314E28,-3.697314E28,-3.697314E28,-3.697314E28,0.0000000,3,Missing,-3.697314E28,-3.697314E28,-3.697314E28,Missing,-3.697314E28,-3.697314E28,-3.697314E28,Missing,-3.697314E28,-3.697314E28,-3.697314E28,Port 0x02: JJH T tibia tracker  s/n:3E4C8800,935957407,1782824890.118688112,1,OK,0.8436679,-0.1082470,-0.2035940,0.4848263,1.507,-93.405,-1548.229,0.1629149,3,OK,1.574,-93.548,-1548.198,OK,55.566,-168.448,-1522.339,OK,-38.508,-170.728,-1569.589,Port 0x03: JJH Y femur tracker  s/n:3E4C8801,935957407,1782824890.118688112,1,OK,0.6363063,0.1807161,0.2478605,0.7078285,-195.024,-99.383,-1499.614,0.4606048,3,OK,-194.811,-98.830,-1499.846,OK,-253.177,-162.890,-1449.234,OK,-183.397,-191.936,-1494.012
3,Port 0x01: JJH Probe  s/n:3E4C880C,935957410,1782824890.168688112,1,Too Few Markers,-3.697314E28,-3.697314E28,-3.697314E28,-3.697314E28,-3.697314E28,-3.697314E28,-3.697314E28,0.0000000,3,Missing,-3.697314E28,-3.697314E28,-3.697314E28,Missing,-3.697314E28,-3.697314E28,-3.697314E28,Missing,-3.697314E28,-3.697314E28,-3.697314E28,Port 0x02: JJH T tibia tracker  s/n:3E4C8800,935957410,1782824890.168688112,1,OK,0.8453278,-0.1000352,-0.2068443,0.4823166,1.353,-93.835,-1550.641,0.1825700,3,OK,1.400,-93.983,-1550.623,OK,55.318,-169.451,-1526.290,OK,-38.814,-170.661,-1573.291,Port 0x03: JJH Y femur tracker  s/n:3E4C8801,935957410,1782824890.168688112,1,OK,0.6400442,0.1716178,0.2391403,0.7097202,-196.946,-99.261,-1502.122,0.4592746,3,OK,-196.728,-98.705,-1502.347,OK,-256.499,-162.696,-1453.332,OK,-185.619,-191.835,-1496.243
3,Port 0x01: JJH Probe  s/n:3E4C880C,935957413,1782824890.218688112,1,Too Few Markers,-3.697314E28,-3.697314E28,-3.697314E28,-3.697314E28,-3.697314E28,-3.697314E28,-3.697314E28,0.0000000,3,Missing,-3.697314E28,-3.697314E28,-3.697314E28,Missing,-3.697314E28,-3.697314E28,-3.697314E28,Missing,-3.697314E28,-3.697314E28,-3.697314E28,Port 0x02: JJH T tibia tracker  s/n:3E4C8800,935957413,1782824890.218688112,1,OK,0.8465982,-0.0925104,-0.2106365,0.4799433,1.121,-94.306,-1552.542,0.1782096,3,OK,1.188,-94.443,-1552.515,OK,55.001,-170.401,-1529.576,OK,-39.190,-170.690,-1576.515,Port 0x03: JJH Y femur tracker  s/n:3E4C8801,935957413,1782824890.218688112,1,OK,0.6436242,0.1629560,0.2301663,0.7114891,-198.747,-99.213,-1504.521,0.4572983,3,OK,-198.534,-98.654,-1504.732,OK,-259.663,-162.590,-1457.387,OK,-187.729,-191.830,-1498.471
3,Port 0x01: JJH Probe  s/n:3E4C880C,935957416,1782824890.268688112,1,Too Few Markers,-3.697314E28,-3.697314E28,-3.697314E28,-3.697314E28,-3.697314E28,-3.697314E28,-3.697314E28,0.0000000,3,Missing,-3.697314E28,-3.697314E28,-3.697314E28,Missing,-3.697314E28,-3.697314E28,-3.697314E28,Missing,-3.697314E28,-3.697314E28,-3.697314E28,Port 0x02: JJH T tibia tracker  s/n:3E4C8800,935957416,1782824890.268688112,1,OK,0.8480736,-0.0864880,-0.2127194,0.4775369,0.830,-94.706,-1553.922,0.2020872,3,OK,0.900,-94.851,-1553.896,OK,54.538,-171.235,-1532.131,OK,-39.708,-170.655,-1578.810,Port 0x03: JJH Y femur tracker  s/n:3E4C8801,935957416,1782824890.268688112,1,OK,0.6470272,0.1539324,0.2212591,0.7132356,-200.490,-99.130,-1507.055,0.4560650,3,OK,-200.283,-98.562,-1507.255,OK,-262.691,-162.456,-1461.612,OK,-189.773,-191.780,-1500.779
3,Port 0x01: JJH Probe  s/n:3E4C880C,935957419,1782824890.318688112,1,Too Few Markers,-3.697314E28,-3.697314E28,-3.697314E28,-3.697314E28,-3.697314E28,-3.697314E28,-3.697314E28,0.0000000,3,Missing,-3.697314E28,-3.697314E28,-3.697314E28,Missing,-3.697314E28,-3.697314E28,-3.697314E28,Missing,-3.697314E28,-3.697314E28,-3.697314E28,Port 0x02: JJH T tibia tracker  s/n:3E4C8800,935957419,1782824890.318688112,1,OK,0.8490673,-0.0793853,-0.2161255,0.4754708,0.686,-95.017,-1555.800,0.2040115,3,OK,0.771,-95.150,-1555.769,OK,54.344,-171.932,-1535.325,OK,-39.949,-170.535,-1581.888,Port 0x03: JJH Y femur tracker  s/n:3E4C8801,935957419,1782824890.318688112,1,OK,0.6503261,0.1452490,0.2124126,0.7147444,-202.112,-99.034,-1509.535,0.4572560,3,OK,-201.904,-98.461,-1509.727,OK,-265.563,-162.297,-1465.778,OK,-191.705,-191.718,-1503.084
3,Port 0x01: JJH Probe  s/n:3E4C880C,935957422,1782824890.368688112,1,Too Few Markers,-3.697314E28,-3.697314E28,-3.697314E28,-3.697314E28,-3.697314E28,-3.697314E28,-3.697314E28,0.0000000,3,Missing,-3.697314E28,-3.697314E28,-3.697314E28,Missing,-3.697314E28,-3.697314E28,-3.697314E28,Missing,-3.697314E28,-3.697314E28,-3.697314E28,Port 0x02: JJH T tibia tracker  s/n:3E4C8800,935957422,1782824890.368688112,1,OK,0.8499485,-0.0741345,-0.2188335,0.4735014,0.501,-95.324,-1557.306,0.1949990,3,OK,0.591,-95.464,-1557.273,OK,54.070,-172.560,-1537.808,OK,-40.281,-170.451,-1584.326,Port 0x03: JJH Y femur tracker  s/n:3E4C8801,935957422,1782824890.368688112,1,OK,0.6534249,0.1364158,0.2041499,0.7160653,-203.681,-98.950,-1512.049,0.4545772,3,OK,-203.481,-98.373,-1512.230,OK,-268.275,-162.119,-1469.909,OK,-193.574,-191.659,-1505.333
3,Port 0x01: JJH Probe  s/n:3E4C880C,935957425,1782824890.418688112,1,Too Few Markers,-3.697314E28,-3.697314E28,-3.697314E28,-3.697314E28,-3.697314E28,-3.697314E28,-3.697314E28,0.0000000,3,Missing,-3.697314E28,-3.697314E28,-3.697314E28,Missing,-3.697314E28,-3.697314E28,-3.697314E28,Missing,-3.697314E28,-3.697314E28,-3.697314E28,Port 0x02: JJH T tibia tracker  s/n:3E4C8800,935957425,1782824890.418688112,1,OK,0.8508002,-0.0684301,-0.2214664,0.4716026,0.336,-95.637,-1558.544,0.1999903,3,OK,0.452,-95.750,-1558.499,OK,53.822,-173.175,-1540.125,OK,-40.572,-170.391,-1586.518,Port 0x03: JJH Y femur tracker  s/n:3E4C8801,935957425,1782824890.418688112,1,OK,0.6563288,0.1283176,0.1959438,0.7171981,-205.124,-98.872,-1514.532,0.4652852,3,OK,-204.916,-98.281,-1514.710,OK,-270.809,-161.972,-1473.993,OK,-195.324,-191.615,-1507.657
3,Port 0x01: JJH Probe  s/n:3E4C880C,935957428,1782824890.468688112,1,Too Few Markers,-3.697314E28,-3.697314E28,-3.697314E28,-3.697314E28,-3.697314E28,-3.697314E28,-3.697314E28,0.0000000,3,Missing,-3.697314E28,-3.697314E28,-3.697314E28,Missing,-3.697314E28,-3.697314E28,-3.697314E28,Missing,-3.697314E28,-3.697314E28,-3.697314E28,Port 0x02: JJH T tibia tracker  s/n:3E4C8800,935957428,1782824890.468688112,1,OK,0.8516706,-0.0651285,-0.2229537,0.4697948,0.160,-95.944,-1559.780,0.1955946,3,OK,0.255,-96.071,-1559.747,OK,53.492,-173.754,-1542.013,OK,-40.922,-170.358,-1588.307,Port 0x03: JJH Y femur tracker  s/n:3E4C8801,935957428,1782824890.468688112,1,OK,0.6591197,0.1198136,0.1876088,0.7183376,-206.546,-98.758,-1517.079,0.4693829,3,OK,-206.344,-98.155,-1517.247,OK,-273.275,-161.785,-1478.204,OK,-197.042,-191.536,-1510.012
3,Port 0x01: JJH Probe  s/n:3E4C880C,935957431,1782824890.518688112,1,Too Few Markers,-3.697314E28,-3.697314E28,-3.697314E28,-3.697314E28,-3.697314E28,-3.697314E28,-3.697314E28,0.0000000,3,Missing,-3.697314E28,-3.697314E28,-3.697314E28,Missing,-3.697314E28,-3.697314E28,-3.697314E28,Missing,-3.697314E28,-3.697314E28,-3.697314E28,Port 0x02: JJH T tibia tracker  s/n:3E4C8800,935957431,1782824890.518688112,1,OK,0.8524238,-0.0596896,-0.2248402,0.4682497,0.144,-96.165,-1561.118,0.2031115,3,OK,0.253,-96.287,-1561.080,OK,53.449,-174.208,-1544.386,OK,-41.048,-170.224,-1590.442,Port 0x03: JJH Y femur tracker  s/n:3E4C8801,935957431,1782824890.518688112,1,OK,0.6618896,0.1109934,0.1786366,0.7194940,-207.881,-98.674,-1519.528,0.4605039,3,OK,-207.686,-98.077,-1519.684,OK,-275.646,-161.648,-1482.466,OK,-198.695,-191.471,-1512.309
3,Port 0x01: JJH Probe  s/n:3E4C880C,935957434,1782824890.568688112,1,Too Few Markers,-3.697314E28,-3.697314E28,-3.697314E28,-3.697314E28,-3.697314E28,-3.697314E28,-3.697314E28,0.0000000,3,Missing,-3.697314E28,-3.697314E28,-3.697314E28,Missing,-3.697314E28,-3.697314E28,-3.697314E28,Missing,-3.697314E28,-3.697314E28,-3.697314E28,Port 0x02: JJH T tibia tracker  s/n:3E4C8800,935957434,1782824890.568688112,1,OK,0.8534858,-0.0555981,-0.2260190,0.4662470,-0.028,-96.620,-1562.619,0.2078420,3,OK,0.080,-96.745,-1562.582,OK,53.115,-174.939,-1546.711,OK,-41.455,-170.308,-1592.527,Port 0x03: JJH Y femur tracker  s/n:3E4C8801,935957434,1782824890.568688112,1,OK,0.6648744,0.1011601,0.1691492,0.7204840,-209.397,-98.670,-1522.574,0.4615561,3,OK,-209.201,-98.069,-1522.724,OK,-278.263,-161.547,-1487.449,OK,-200.567,-191.488,-1515.131
3,Port 0x01: JJH Probe  s/n:3E4C880C,935957437,1782824890.618688112,1,Too Few Markers,-3.697314E28,-3.697314E28,-3.697314E28,-3.697314E28,-3.697314E28,-3.697314E28,-3.697314E28,0.0000000,3,Missing,-3.697314E28,-3.697314E28,-3.697314E28,Missing,-3.697314E28,-3.697314E28,-3.697314E28,Missing,-3.697314E28,-3.697314E28,-3.697314E28,Port 0x02: JJH T tibia tracker  s/n:3E4C8800,935957437,1782824890.618688112,1,OK,0.8543982,-0.0542875,-0.2259033,0.4647841,-0.293,-97.001,-1562.804,0.2222261,3,OK,-0.186,-97.145,-1562.771,OK,52.646,-175.503,-1547.217,OK,-41.961,-170.476,-1592.849,Port 0x03: JJH Y femur tracker  s/n:3E4C8801,935957437,1782824890.618688112,1,OK,0.6680773,0.0901431,0.1575660,0.7216093,-210.908,-98.518,-1525.884,0.4609369,3,OK,-210.728,-97.911,-1526.019,OK,-280.964,-161.320,-1493.146,OK,-202.489,-191.385,-1518.321
3,Port 0x01: JJH Probe  s/n:3E4C880C,935957440,1782824890.668688112,1,Too Few Markers,-3.697314E28,-3.697314E28,-3.697314E28,-3.697314E28,-3.697314E28,-3.697314E28,-3.697314E28,0.0000000,3,Missing,-3.697314E28,-3.697314E28,-3.697314E28,Missing,-3.697314E28,-3.697314E28,-3.697314E28,Missing,-3.697314E28,-3.697314E28,-3.697314E28,Port 0x02: JJH T tibia tracker  s/n:3E4C8800,935957440,1782824890.668688112,1,OK,0.8547849,-0.0507776,-0.2280009,0.4634437,-0.314,-97.237,-1563.624,0.2117392,3,OK,-0.199,-97.371,-1563.586,OK,52.568,-175.914,-1548.690,OK,-42.054,-170.427,-1594.322,Port 0x03: JJH Y femur tracker  s/n:3E4C8801,935957440,1782824890.668688112,1,OK,0.6711961,0.0784401,0.1458585,0.7225429,-212.441,-98.436,-1529.596,0.4655113,3,OK,-212.261,-97.822,-1529.723,OK,-283.660,-161.147,-1499.302,OK,-204.435,-191.336,-1521.847
3,Port 0x01: JJH Probe  s/n:3E4C880C,935957443,1782824890.718688112,1,Too Few Markers,-3.697314E28,-3.697314E28,-3.697314E28,-3.697314E28,-3.697314E28,-3.697314E28,-3.697314E28,0.0000000,3,Missing,-3.697314E28,-3.697314E28,-3.697314E28,Missing,-3.697314E28,-3.697314E28,-3.697314E28,Missing,-3.697314E28,-3.697314E28,-3.697314E28,Port 0x02: JJH T tibia tracker  s/n:3E4C8800,935957443,1782824890.718688112,1,OK,0.8551597,-0.0474002,-0.2288585,0.4626867,-0.277,-97.283,-1564.364,0.2140699,3,OK,-0.173,-97.410,-1564.331,OK,52.620,-176.074,-1550.076,OK,-42.053,-170.255,-1595.486,Port 0x03: JJH Y femur tracker  s/n:3E4C8801,935957443,1782824890.718688112,1,OK,0.6739714,0.0662125,0.1340924,0.7234623,-213.832,-98.294,-1533.381,0.4678069,3,OK,-213.657,-97.675,-1533.499,OK,-286.104,-160.935,-1505.588,OK,-206.197,-191.218,-1525.400
3,Port 0x01: JJH Probe  s/n:3E4C880C,935957446,1782824890.768688112,1,Too Few Markers,-3.697314E28,-3.697314E28,-3.697314E28,-3.697314E28,-3.697314E28,-3.697314E28,-3.697314E28,0.0000000,3,Missing,-3.697314E28,-3.697314E28,-3.697314E28,Missing,-3.697314E28,-3.697314E28,-3.697314E28,Missing,-3.697314E28,-3.697314E28,-3.697314E28,Port 0x02: JJH T tibia tracker  s/n:3E4C8800,935957446,1782824890.768688112,1,OK,0.8550451,-0.0489195,-0.2278235,0.4632506,-0.206,-97.283,-1563.647,0.2079978,3,OK,-0.105,-97.417,-1563.617,OK,52.730,-176.005,-1549.073,OK,-41.979,-170.378,-1594.477,Port 0x03: JJH Y femur tracker  s/n:3E4C8801,935957446,1782824890.768688112,1,OK,0.6762382,0.0548798,0.1223856,0.7243700,-215.045,-98.313,-1537.076,0.4700596,3,OK,-214.878,-97.688,-1537.185,OK,-288.207,-160.949,-1511.782,OK,-207.732,-191.266,-1528.995
3,Port 0x01: JJH Probe  s/n:3E4C880C,935957449,1782824890.818688112,1,Too Few Markers,-3.697314E28,-3.697314E28,-3.697314E28,-3.697314E28,-3.697314E28,-3.697314E28,-3.697314E28,0.0000000,3,Missing,-3.697314E28,-3.697314E28,-3.697314E28,Missing,-3.697314E28,-3.697314E28,-3.697314E28,Missing,-3.697314E28,-3.697314E28,-3.697314E28,Port 0x02: JJH T tibia tracker  s/n:3E4C8800,935957449,1782824890.818688112,1,OK,0.8550188,-0.0515930,-0.2254472,0.4641707,-0.063,-97.158,-1562.589,0.2166904,3,OK,0.029,-97.283,-1562.561,OK,52.892,-175.774,-1547.545,OK,-41.853,-170.478,-1592.811,Port 0x03: JJH Y femur tracker  s/n:3E4C8801,935957449,1782824890.818688112,1,OK,0.6783739,0.0421378,0.1105664,0.7251264,-216.220,-98.292,-1541.004,0.4795682,3,OK,-216.053,-97.653,-1541.108,OK,-290.227,-160.907,-1518.282,OK,-209.227,-191.258,-1532.654
3,Port 0x01: JJH Probe  s/n:3E4C880C,935957452,1782824890.868688112,1,Too Few Markers,-3.697314E28,-3.697314E28,-3.697314E28,-3.697314E28,-3.697314E28,-3.697314E28,-3.697314E28,0.0000000,3,Missing,-3.697314E28,-3.697314E28,-3.697314E28,Missing,-3.697314E28,-3.697314E28,-3.697314E28,Missing,-3.697314E28,-3.697314E28,-3.697314E28,Port 0x02: JJH T tibia tracker  s/n:3E4C8800,935957452,1782824890.868688112,1,OK,0.8548827,-0.0523848,-0.2253418,0.4643840,0.069,-97.278,-1562.009,0.2117655,3,OK,0.159,-97.426,-1561.985,OK,53.042,-175.856,-1546.803,OK,-41.707,-170.634,-1592.146,Port 0x03: JJH Y femur tracker  s/n:3E4C8801,935957452,1782824890.868688112,1,OK,0.6807180,0.0295873,0.0976575,0.7254038,-217.253,-98.217,-1545.086,0.4768751,3,OK,-217.092,-97.582,-1545.181,OK,-292.116,-160.754,-1525.163,OK,-210.679,-191.214,-1536.636
3,Port 0x01: JJH Probe  s/n:3E4C880C,935957455,1782824890.918688112,1,Too Few Markers,-3.697314E28,-3.697314E28,-3.697314E28,-3.697314E28,-3.697314E28,-3.697314E28,-3.697314E28,0.0000000,3,Missing,-3.697314E28,-3.697314E28,-3.697314E28,Missing,-3.697314E28,-3.697314E28,-3.697314E28,Missing,-3.697314E28,-3.697314E28,-3.697314E28,Port 0x02: JJH T tibia tracker  s/n:3E4C8800,935957455,1782824890.918688112,1,OK,0.8549612,-0.0526589,-0.2243904,0.4646691,0.225,-97.069,-1561.589,0.2216215,3,OK,0.332,-97.205,-1561.555,OK,53.217,-175.606,-1546.350,OK,-41.580,-170.498,-1591.560,Port 0x03: JJH Y femur tracker  s/n:3E4C8801,935957455,1782824890.918688112,1,OK,0.6830491,0.0158510,0.0844297,0.7253029,-218.248,-97.959,-1549.434,0.4805705,3,OK,-218.087,-97.318,-1549.523,OK,-293.910,-160.379,-1532.423,OK,-212.159,-190.975,-1540.771
3,Port 0x01: JJH Probe  s/n:3E4C880C,935957458,1782824890.968644843,1,Too Few Markers,-3.697314E28,-3.697314E28,-3.697314E28,-3.697314E28,-3.697314E28,-3.697314E28,-3.697314E28,0.0000000,3,Missing,-3.697314E28,-3.697314E28,-3.697314E28,Missing,-3.697314E28,-3.697314E28,-3.697314E28,Missing,-3.697314E28,-3.697314E28,-3.697314E28,Port 0x02: JJH T tibia tracker  s/n:3E4C8800,935957458,1782824890.968644843,1,OK,0.8548108,-0.0533887,-0.2239127,0.4650926,0.320,-97.128,-1560.908,0.2103514,3,OK,0.425,-97.251,-1560.874,OK,53.363,-175.618,-1545.522,OK,-41.461,-170.638,-1590.740,Port 0x03: JJH Y femur tracker  s/n:3E4C8801,935957458,1782824890.968644843,1,OK,0.6850835,0.0019149,0.0699784,0.7250930,-219.081,-97.881,-1553.959,0.4850675,3,OK,-218.921,-97.234,-1554.039,OK,-295.445,-160.224,-1540.126,OK,-213.467,-190.931,-1545.228
3,Port 0x01: JJH Probe  s/n:3E4C880C,935957461,1782824891.018644843,1,Too Few Markers,-3.697314E28,-3.697314E28,-3.697314E28,-3.697314E28,-3.697314E28,-3.697314E28,-3.697314E28,0.0000000,3,Missing,-3.697314E28,-3.697314E28,-3.697314E28,Missing,-3.697314E28,-3.697314E28,-3.697314E28,Missing,-3.697314E28,-3.697314E28,-3.697314E28,Port 0x02: JJH T tibia tracker  s/n:3E4C8800,935957461,1782824891.018644843,1,OK,0.8550207,-0.0524862,-0.2238953,0.4648178,0.470,-97.054,-1561.221,0.2132996,3,OK,0.579,-97.184,-1561.186,OK,53.505,-175.579,-1546.016,OK,-41.361,-170.504,-1591.138,Port 0x03: JJH Y femur tracker  s/n:3E4C8801,935957461,1782824891.018644843,1,OK,0.6869686,-0.0144224,0.0546394,0.7244865,-219.774,-97.715,-1559.060,0.4903479,3,OK,-219.611,-97.062,-1559.134,OK,-296.766,-159.952,-1548.662,OK,-214.682,-190.779,-1550.066
3,Port 0x01: JJH Probe  s/n:3E4C880C,935957464,1782824891.068644843,1,Too Few Markers,-3.697314E28,-3.697314E28,-3.697314E28,-3.697314E28,-3.697314E28,-3.697314E28,-3.697314E28,0.0000000,3,Missing,-3.697314E28,-3.697314E28,-3.697314E28,Missing,-3.697314E28,-3.697314E28,-3.697314E28,Missing,-3.697314E28,-3.697314E28,-3.697314E28,Port 0x02: JJH T tibia tracker  s/n:3E4C8800,935957464,1782824891.068644843,1,OK,0.8551579,-0.0526909,-0.2235156,0.4647250,0.642,-97.032,-1560.974,0.2136282,3,OK,0.737,-97.168,-1560.946,OK,53.653,-175.576,-1545.745,OK,-41.221,-170.469,-1590.813,Port 0x03: JJH Y femur tracker  s/n:3E4C8801,935957464,1782824891.068644843,1,OK,0.6888031,-0.0313543,0.0379771,0.7232738,-220.282,-97.455,-1564.662,0.4919364,3,OK,-220.119,-96.800,-1564.728,OK,-297.804,-159.539,-1557.998,OK,-215.803,-190.543,-1555.515
3,Port 0x01: JJH Probe  s/n:3E4C880C,935957467,1782824891.118644843,1,Too Few Markers,-3.697314E28,-3.697314E28,-3.697314E28,-3.697314E28,-3.697314E28,-3.697314E28,-3.697314E28,0.0000000,3,Missing,-3.697314E28,-3.697314E28,-3.697314E28,Missing,-3.697314E28,-3.697314E28,-3.697314E28,Missing,-3.697314E28,-3.697314E28,-3.697314E28,Port 0x02: JJH T tibia tracker  s/n:3E4C8800,935957467,1782824891.118644843,1,OK,0.8553957,-0.0512778,-0.2235255,0.4644406,0.799,-96.958,-1561.014,0.2103932,3,OK,0.896,-97.078,-1560.984,OK,53.822,-175.551,-1546.063,OK,-41.111,-170.326,-1590.987,Port 0x03: JJH Y femur tracker  s/n:3E4C8801,935957467,1782824891.118644843,1,OK,0.6902437,-0.0501363,0.0198321,0.7215655,-220.518,-97.194,-1570.644,0.4857125,3,OK,-220.360,-96.548,-1570.700,OK,-298.406,-159.122,-1568.074,OK,-216.683,-190.296,-1561.309
3,Port 0x01: JJH Probe  s/n:3E4C880C,935957470,1782824891.168582076,1,Too Few Markers,-3.697314E28,-3.697314E28,-3.697314E28,-3.697314E28,-3.697314E28,-3.697314E28,-3.697314E28,0.0000000,3,Missing,-3.697314E28,-3.697314E28,-3.697314E28,Missing,-3.697314E28,-3.697314E28,-3.697314E28,Missing,-3.697314E28,-3.697314E28,-3.697314E28,Port 0x02: JJH T tibia tracker  s/n:3E4C8800,935957470,1782824891.168582076,1,OK,0.8556111,-0.0498874,-0.2241873,0.4638759,0.857,-96.985,-1561.469,0.2109661,3,OK,0.953,-97.123,-1561.441,OK,53.852,-175.645,-1546.781,OK,-41.100,-170.224,-1591.674,Port 0x03: JJH Y femur tracker  s/n:3E4C8801,935957470,1782824891.168582076,1,OK,0.6912118,-0.0696500,0.0002324,0.7192879,-220.484,-96.901,-1577.001,0.4920784,3,OK,-220.324,-96.248,-1577.048,OK,-298.515,-158.681,-1578.843,OK,-217.323,-190.036,-1567.595
3,Port 0x01: JJH Probe  s/n:3E4C880C,935957473,1782824891.218582076,1,Too Few Markers,-3.697314E28,-3.697314E28,-3.697314E28,-3.697314E28,-3.697314E28,-3.697314E28,-3.697314E28,0.0000000,3,Missing,-3.697314E28,-3.697314E28,-3.697314E28,Missing,-3.697314E28,-3.697314E28,-3.697314E28,Missing,-3.697314E28,-3.697314E28,-3.697314E28,Port 0x02: JJH T tibia tracker  s/n:3E4C8800,935957473,1782824891.218582076,1,OK,0.8559564,-0.0463806,-0.2257463,0.4628457,0.891,-97.073,-1562.521,0.2062373,3,OK,0.989,-97.195,-1562.491,OK,53.868,-175.870,-1548.493,OK,-41.114,-170.064,-1593.283,Port 0x03: JJH Y femur tracker  s/n:3E4C8801,935957473,1782824891.218582076,1,OK,0.6916539,-0.0901668,-0.0205184,0.7162847,-220.048,-96.632,-1583.589,0.4856077,3,OK,-219.883,-95.991,-1583.625,OK,-297.969,-158.252,-1590.103,OK,-217.596,-189.783,-1574.161
3,Port 0x01: JJH Probe  s/n:3E4C880C,935957476,1782824891.268582076,1,Too Few Markers,-3.697314E28,-3.697314E28,-3.697314E28,-3.697314E28,-3.697314E28,-3.697314E28,-3.697314E28,0.0000000,3,Missing,-3.697314E28,-3.697314E28,-3.697314E28,Missing,-3.697314E28,-3.697314E28,-3.697314E28,Missing,-3.697314E28,-3.697314E28,-3.697314E28,Port 0x02: JJH T tibia tracker  s/n:3E4C8800,935957476,1782824891.268582076,1,OK,0.8564705,-0.0409947,-0.2280357,0.4612780,0.900,-97.283,-1563.813,0.2162136,3,OK,1.009,-97.400,-1563.779,OK,53.837,-176.264,-1550.806,OK,-41.175,-169.888,-1595.407,Port 0x03: JJH Y femur tracker  s/n:3E4C8801,935957476,1782824891.268582076,1,OK,0.6914475,-0.1121274,-0.0419819,0.7124362,-219.130,-96.309,-1590.509,0.4869900,3,OK,-218.957,-95.673,-1590.533,OK,-296.666,-157.753,-1601.872,OK,-217.419,-189.474,-1580.990
3,Port 0x01: JJH Probe  s/n:3E4C880C,935957479,1782824891.318582076,1,Too Few Markers,-3.697314E28,-3.697314E28,-3.697314E28,-3.697314E28,-3.697314E28,-3.697314E28,-3.697314E28,0.0000000,3,Missing,-3.697314E28,-3.697314E28,-3.697314E28,Missing,-3.697314E28,-3.697314E28,-3.697314E28,Missing,-3.697314E28,-3.697314E28,-3.697314E28,Port 0x02: JJH T tibia tracker  s/n:3E4C8800,935957479,1782824891.318582076,1,OK,0.8568784,-0.0372706,-0.2297742,0.4599718,0.862,-97.399,-1564.937,0.2064750,3,OK,0.972,-97.522,-1564.905,OK,53.761,-176.528,-1552.631,OK,-41.304,-169.693,-1597.140,Port 0x03: JJH Y femur tracker  s/n:3E4C8801,935957479,1782824891.318582076,1,OK,0.6904915,-0.1351401,-0.0637636,0.7077379,-217.815,-95.942,-1597.734,0.4940797,3,OK,-217.647,-95.314,-1597.749,OK,-294.651,-157.198,-1614.022,OK,-216.865,-189.126,-1588.057
3,Port 0x01: JJH Probe  s/n:3E4C880C,935957482,1782824891.368582076,1,Too Few Markers,-3.697314E28,-3.697314E28,-3.697314E28,-3.697314E28,-3.697314E28,-3.697314E28,-3.697314E28,0.0000000,3,Missing,-3.697314E28,-3.697314E28,-3.697314E28,Missing,-3.697314E28,-3.697314E28,-3.697314E28,Missing,-3.697314E28,-3.697314E28,-3.697314E28,Port 0x02: JJH T tibia tracker  s/n:3E4C8800,935957482,1782824891.368582076,1,OK,0.8570221,-0.0388076,-0.2281667,0.4603771,0.904,-97.511,-1564.260,0.2142157,3,OK,0.992,-97.656,-1564.241,OK,53.795,-176.608,-1551.694,OK,-41.300,-169.904,-1596.075,Port 0x03: JJH Y femur tracker  s/n:3E4C8801,935957482,1782824891.368582076,1,OK,0.6889798,-0.1569251,-0.0862714,0.7023095,-216.069,-95.624,-1604.671,0.5049483,3,OK,-215.879,-94.993,-1604.666,OK,-291.881,-156.690,-1625.954,OK,-215.897,-188.825,-1595.142
3,Port 0x01: JJH Probe  s/n:3E4C880C,935957485,1782824891.418582076,1,Too Few Markers,-3.697314E28,-3.697314E28,-3.697314E28,-3.697314E28,-3.697314E28,-3.697314E28,-3.697314E28,0.0000000,3,Missing,-3.697314E28,-3.697314E28,-3.697314E28,Missing,-3.697314E28,-3.697314E28,-3.697314E28,Missing,-3.697314E28,-3.697314E28,-3.697314E28,Port 0x02: JJH T tibia tracker  s/n:3E4C8800,935957485,1782824891.418582076,1,OK,0.8570445,-0.0423061,-0.2260705,0.4610607,0.891,-97.605,-1562.967,0.2226052,3,OK,0.973,-97.761,-1562.951,OK,53.734,-176.627,-1549.776,OK,-41.358,-170.221,-1594.159,Port 0x03: JJH Y femur tracker  s/n:3E4C8801,935957485,1782824891.418582076,1,OK,0.6867281,-0.1783330,-0.1079005,0.6963902,-213.873,-95.301,-1611.453,0.5200182,3,OK,-213.675,-94.674,-1611.432,OK,-288.382,-156.183,-1637.503,OK,-214.421,-188.524,-1602.028
3,Port 0x01: JJH Probe  s/n:3E4C880C,935957488,1782824891.468582076,1,Too Few Markers,-3.697314E28,-3.697314E28,-3.697314E28,-3.697314E28,-3.697314E28,-3.697314E28,-3.697314E28,0.0000000,3,Missing,-3.697314E28,-3.697314E28,-3.697314E28,Missing,-3.697314E28,-3.697314E28,-3.697314E28,Missing,-3.697314E28,-3.697314E28,-3.697314E28,Port 0x02: JJH T tibia tracker  s/n:3E4C8800,935957488,1782824891.468582076,1,OK,0.8570983,-0.0451571,-0.2250629,0.4611833,0.629,-97.811,-1561.860,0.2039401,3,OK,0.729,-97.944,-1561.832,OK,53.381,-176.816,-1548.152,OK,-41.716,-170.583,-1592.683,Port 0x03: JJH Y femur tracker  s/n:3E4C8801,935957488,1782824891.468582076,1,OK,0.6839197,-0.1989718,-0.1287893,0.6899837,-211.401,-95.037,-1617.862,0.5410612,3,OK,-211.189,-94.409,-1617.822,OK,-284.370,-155.742,-1648.457,OK,-212.650,-188.276,-1608.577
3,Port 0x01: JJH Probe  s/n:3E4C880C,935957491,1782824891.518582076,1,Too Few Markers,-3.697314E28,-3.697314E28,-3.697314E28,-3.697314E28,-3.697314E28,-3.697314E28,-3.697314E28,0.0000000,3,Missing,-3.697314E28,-3.697314E28,-3.697314E28,Missing,-3.697314E28,-3.697314E28,-3.697314E28,Missing,-3.697314E28,-3.697314E28,-3.697314E28,Port 0x02: JJH T tibia tracker  s/n:3E4C8800,935957491,1782824891.518582076,1,OK,0.8575395,-0.0502166,-0.2227635,0.4609562,0.200,-98.124,-1560.719,0.2003619,3,OK,0.283,-98.271,-1560.700,OK,52.695,-177.159,-1546.137,OK,-42.361,-171.060,-1590.783,Port 0x03: JJH Y femur tracker  s/n:3E4C8801,935957491,1782824891.518582076,1,OK,0.6808909,-0.2179557,-0.1477133,0.6834206,-208.730,-94.769,-1623.765,0.5688317,3,OK,-208.515,-94.132,-1623.711,OK,-280.063,-155.282,-1658.428,OK,-210.652,-188.034,-1614.602
3,Port 0x01: JJH Probe  s/n:3E4C880C,935957494,1782824891.568582076,1,Too Few Markers,-3.697314E28,-3.697314E28,-3.697314E28,-3.697314E28,-3.697314E28,-3.697314E28,-3.697314E28,0.0000000,3,Missing,-3.697314E28,-3.697314E28,-3.697314E28,Missing,-3.697314E28,-3.697314E28,-3.697314E28,Missing,-3.697314E28,-3.697314E28,-3.697314E28,Port 0x02: JJH T tibia tracker  s/n:3E4C8800,935957494,1782824891.568582076,1,OK,0.8580576,-0.0560942,-0.2197951,0.4607392,-0.374,-98.398,-1558.873,0.2148772,3,OK,-0.269,-98.533,-1558.839,OK,51.797,-177.424,-1543.292,OK,-43.206,-171.574,-1588.019,Port 0x03: JJH Y femur tracker  s/n:3E4C8801,935957494,1782824891.568582076,1,OK,0.6777697,-0.2354964,-0.1647823,0.6767692,-206.041,-94.294,-1629.156,0.5749241,3,OK,-205.848,-93.675,-1629.103,OK,-275.682,-154.591,-1667.435,OK,-208.627,-187.572,-1620.089
3,Port 0x01: JJH Probe  s/n:3E4C880C,935957497,1782824891.618582076,1,Too Few Markers,-3.697314E28,-3.697314E28,-3.697314E28,-3.697314E28,-3.697314E28,-3.697314E28,-3.697314E28,0.0000000,3,Missing,-3.697314E28,-3.697314E28,-3.697314E28,Missing,-3.697314E28,-3.697314E28,-3.697314E28,Missing,-3.697314E28,-3.697314E28,-3.697314E28,Port 0x02: JJH T tibia tracker  s/n:3E4C8800,935957497,1782824891.618582076,1,OK,0.8582438,-0.0649385,-0.2160954,0.4609809,-0.963,-98.879,-1556.825,0.2030182,3,OK,-0.861,-99.022,-1556.790,OK,50.882,-177.810,-1539.671,OK,-44.063,-172.405,-1584.682,Port 0x03: JJH Y femur tracker  s/n:3E4C8801,935957497,1782824891.618582076,1,OK,0.6745012,-0.2502562,-0.1806868,0.6706505,-203.392,-94.191,-1633.600,0.5805882,3,OK,-203.173,-93.562,-1633.517,OK,-271.310,-154.353,-1675.138,OK,-206.511,-187.462,-1624.858
3,Port 0x01: JJH Probe  s/n:3E4C880C,935957500,1782824891.668582076,1,Too Few Markers,-3.697314E28,-3.697314E28,-3.697314E28,-3.697314E28,-3.697314E28,-3.697314E28,-3.697314E28,0.0000000,3,Missing,-3.697314E28,-3.697314E28,-3.697314E28,Missing,-3.697314E28,-3.697314E28,-3.697314E28,Missing,-3.697314E28,-3.697314E28,-3.697314E28,Port 0x02: JJH T tibia tracker  s/n:3E4C8800,935957500,1782824891.668582076,1,OK,0.8582914,-0.0736350,-0.2120450,0.4614657,-1.487,-99.139,-1554.829,0.1956420,3,OK,-1.404,-99.290,-1554.801,OK,50.076,-177.923,-1536.132,OK,-44.813,-173.006,-1581.333,Port 0x03: JJH Y femur tracker  s/n:3E4C8801,935957500,1782824891.668582076,1,OK,0.6714341,-0.2634160,-0.1938064,0.6650018,-200.898,-93.940,-1637.506,0.5873889,3,OK,-200.684,-93.312,-1637.416,OK,-267.243,-153.966,-1681.710,OK,-204.504,-187.217,-1628.919
3,Port 0x01: JJH Probe  s/n:3E4C880C,935957503,1782824891.718618263,1,Too Few Markers,-3.697314E28,-3.697314E28,-3.697314E28,-3.697314E28,-3.697314E28,-3.697314E28,-3.697314E28,0.0000000,3,Missing,-3.697314E28,-3.697314E28,-3.697314E28,Missing,-3.697314E28,-3.697314E28,-3.697314E28,Missing,-3.697314E28,-3.697314E28,-3.697314E28,Port 0x02: JJH T tibia tracker  s/n:3E4C8800,935957503,1782824891.718618263,1,OK,0.8578938,-0.0815961,-0.2080260,0.4626937,-1.811,-99.282,-1552.353,0.1948759,3,OK,-1.727,-99.429,-1552.321,OK,49.626,-177.796,-1532.222,OK,-45.236,-173.552,-1577.547,Port 0x03: JJH Y femur tracker  s/n:3E4C8801,935957503,1782824891.718618263,1,OK,0.6685847,-0.2746844,-0.2048530,0.6599835,-198.673,-93.751,-1640.727,0.5950242,3,OK,-198.468,-93.125,-1640.635,OK,-263.594,-153.664,-1687.143,OK,-202.690,-187.035,-1632.255
3,Port 0x01: JJH Probe  s/n:3E4C880C,935957506,1782824891.768618263,1,Too Few Markers,-3.697314E28,-3.697314E28,-3.697314E28,-3.697314E28,-3.697314E28,-3.697314E28,-3.697314E28,0.0000000,3,Missing,-3.697314E28,-3.697314E28,-3.697314E28,Missing,-3.697314E28,-3.697314E28,-3.697314E28,Missing,-3.697314E28,-3.697314E28,-3.697314E28,Port 0x02: JJH T tibia tracker  s/n:3E4C8800,935957506,1782824891.768618263,1,OK,0.8573439,-0.0885476,-0.2041883,0.4641422,-1.908,-99.283,-1550.125,0.1961092,3,OK,-1.831,-99.430,-1550.094,OK,49.488,-177.493,-1528.736,OK,-45.367,-173.923,-1574.103,Port 0x03: JJH Y femur tracker  s/n:3E4C8801,935957506,1782824891.768618263,1,OK,0.6661186,-0.2838886,-0.2139988,0.6556660,-196.804,-93.635,-1643.231,0.6069967,3,OK,-196.596,-93.014,-1643.129,OK,-260.511,-153.452,-1691.466,OK,-201.152,-186.916,-1634.875
3,Port 0x01: JJH Probe  s/n:3E4C880C,935957509,1782824891.818618263,1,Too Few Markers,-3.697314E28,-3.697314E28,-3.697314E28,-3.697314E28,-3.697314E28,-3.697314E28,-3.697314E28,0.0000000,3,Missing,-3.697314E28,-3.697314E28,-3.697314E28,Missing,-3.697314E28,-3.697314E28,-3.697314E28,Missing,-3.697314E28,-3.697314E28,-3.697314E28,Port 0x02: JJH T tibia tracker  s/n:3E4C8800,935957509,1782824891.818618263,1,OK,0.8568765,-0.0929209,-0.2018046,0.4651917,-1.935,-99.224,-1548.695,0.2001682,3,OK,-1.855,-99.373,-1548.662,OK,49.459,-177.207,-1526.511,OK,-45.390,-174.107,-1571.907,Port 0x03: JJH Y femur tracker  s/n:3E4C8801,935957509,1782824891.818618263,1,OK,0.6641340,-0.2912915,-0.2215577,0.6519107,-195.209,-93.478,-1645.323,0.6102785,3,OK,-195.001,-92.860,-1645.214,OK,-257.886,-153.187,-1695.034,OK,-199.859,-186.756,-1637.113
3,Port 0x01: JJH Probe  s/n:3E4C880C,935957512,1782824891.868618263,1,Too Few Markers,-3.697314E28,-3.697314E28,-3.697314E28,-3.697314E28,-3.697314E28,-3.697314E28,-3.697314E28,0.0000000,3,Missing,-3.697314E28,-3.697314E28,-3.697314E28,Missing,-3.697314E28,-3.697314E28,-3.697314E28,Missing,-3.697314E28,-3.697314E28,-3.697314E28,Port 0x02: JJH T tibia tracker  s/n:3E4C8800,935957512,1782824891.868618263,1,OK,0.8566915,-0.0945015,-0.2005884,0.4657397,-1.999,-99.281,-1547.834,0.2051631,3,OK,-1.918,-99.432,-1547.799,OK,49.423,-177.158,-1525.366,OK,-45.445,-174.269,-1570.708,Port 0x03: JJH Y femur tracker  s/n:3E4C8801,935957512,1782824891.868618263,1,OK,0.6623410,-0.2972924,-0.2276153,0.6489322,-193.861,-93.435,-1647.023,0.5995738,3,OK,-193.661,-92.813,-1646.918,OK,-255.634,-153.089,-1697.871,OK,-198.746,-186.715,-1638.934
3,Port 0x01: JJH Probe  s/n:3E4C880C,935957515,1782824891.918618263,1,Too Few Markers,-3.697314E28,-3.697314E28,-3.697314E28,-3.697314E28,-3.697314E28,-3.697314E28,-3.697314E28,0.0000000,3,Missing,-3.697314E28,-3.697314E28,-3.697314E28,Missing,-3.697314E28,-3.697314E28,-3.697314E28,Missing,-3.697314E28,-3.697314E28,-3.697314E28,Port 0x02: JJH T tibia tracker  s/n:3E4C8800,935957515,1782824891.918618263,1,OK,0.8567697,-0.0953954,-0.2004056,0.4654922,-2.122,-99.322,-1547.943,0.1864548,3,OK,-2.068,-99.474,-1547.921,OK,49.246,-177.230,-1525.312,OK,-45.624,-174.285,-1570.722,Port 0x03: JJH Y femur tracker  s/n:3E4C8801,935957515,1782824891.918618263,1,OK,0.6604443,-0.3033488,-0.2332280,0.6460632,-192.541,-93.264,-1648.633,0.6101681,3,OK,-192.351,-92.653,-1648.531,OK,-253.458,-152.877,-1700.562,OK,-197.617,-186.546,-1640.556
3,Port 0x01: JJH Probe  s/n:3E4C880C,935957518,1782824891.968618264,1,Too Few Markers,-3.697314E28,-3.697314E28,-3.697314E28,-3.697314E28,-3.697314E28,-3.697314E28,-3.697314E28,0.0000000,3,Missing,-3.697314E28,-3.697314E28,-3.697314E28,Missing,-3.697314E28,-3.697314E28,-3.697314E28,Missing,-3.697314E28,-3.697314E28,-3.697314E28,Port 0x02: JJH T tibia tracker  s/n:3E4C8800,935957518,1782824891.968618264,1,OK,0.8567985,-0.0951165,-0.2003856,0.4655049,-2.162,-99.359,-1547.630,0.1981493,3,OK,-2.091,-99.517,-1547.600,OK,49.207,-177.256,-1525.056,OK,-45.666,-174.326,-1570.431,Port 0x03: JJH Y femur tracker  s/n:3E4C8801,935957518,1782824891.968618264,1,OK,0.6588683,-0.3082103,-0.2379277,0.6436532,-191.297,-93.163,-1649.966,0.5901993,3,OK,-191.134,-92.572,-1649.885,OK,-251.450,-152.728,-1702.748,OK,-196.547,-186.447,-1641.950
3,Port 0x01: JJH Probe  s/n:3E4C880C,935957521,1782824892.018618263,1,Too Few Markers,-3.697314E28,-3.697314E28,-3.697314E28,-3.697314E28,-3.697314E28,-3.697314E28,-3.697314E28,0.0000000,3,Missing,-3.697314E28,-3.697314E28,-3.697314E28,Missing,-3.697314E28,-3.697314E28,-3.697314E28,Missing,-3.697314E28,-3.697314E28,-3.697314E28,Port 0x02: JJH T tibia tracker  s/n:3E4C8800,935957521,1782824892.018618263,1,OK,0.8567779,-0.0959922,-0.1995488,0.4657225,-2.184,-99.399,-1547.314,0.2024586,3,OK,-2.124,-99.556,-1547.289,OK,49.185,-177.256,-1524.592,OK,-45.695,-174.406,-1569.901,Port 0x03: JJH Y femur tracker  s/n:3E4C8801,935957521,1782824892.018618263,1,OK,0.6576592,-0.3123804,-0.2421441,0.6413027,-190.320,-93.127,-1651.033,0.5920973,3,OK,-190.151,-92.534,-1650.943,OK,-249.845,-152.626,-1704.613,OK,-195.759,-186.403,-1643.115
3,Port 0x01: JJH Probe  s/n:3E4C880C,935957524,1782824892.068618263,1,Too Few Markers,-3.697314E28,-3.697314E28,-3.697314E28,-3.697314E28,-3.697314E28,-3.697314E28,-3.697314E28,0.0000000,3,Missing,-3.697314E28,-3.697314E28,-3.697314E28,Missing,-3.697314E28,-3.697314E28,-3.697314E28,Missing,-3.697314E28,-3.697314E28,-3.697314E28,Port 0x02: JJH T tibia tracker  s/n:3E4C8800,935957524,1782824892.068618263,1,OK,0.8565631,-0.0972281,-0.1992512,0.4659886,-2.233,-99.432,-1546.934,0.1829604,3,OK,-2.169,-99.577,-1546.907,OK,49.150,-177.229,-1523.970,OK,-45.745,-174.510,-1569.372,Port 0x03: JJH Y femur tracker  s/n:3E4C8801,935957524,1782824892.068618263,1,OK,0.6565825,-0.3159858,-0.2456201,0.6393146,-189.533,-93.081,-1651.921,0.6046106,3,OK,-189.357,-92.490,-1651.820,OK,-248.538,-152.533,-1706.174,OK,-195.121,-186.350,-1644.049
3,Port 0x01: JJH Probe  s/n:3E4C880C,935957527,1782824892.118618263,1,Too Few Markers,-3.697314E28,-3.697314E28,-3.697314E28,-3.697314E28,-3.697314E28,-3.697314E28,-3.697314E28,0.0000000,3,Missing,-3.697314E28,-3.697314E28,-3.697314E28,Missing,-3.697314E28,-3.697314E28,-3.697314E28,Missing,-3.697314E28,-3.697314E28,-3.697314E28,Port 0x02: JJH T tibia tracker  s/n:3E4C8800,935957527,1782824892.118618263,1,OK,0.8565814,-0.0984244,-0.1983347,0.4660946,-2.368,-99.473,-1546.614,0.1918206,3,OK,-2.315,-99.631,-1546.592,OK,48.982,-177.230,-1523.449,OK,-45.912,-174.581,-1568.802,Port 0x03: JJH Y femur tracker  s/n:3E4C8801,935957527,1782824892.118618263,1,OK,0.6566419,-0.3188199,-0.2474921,0.6371208,-189.480,-92.760,-1652.527,0.6082273,3,OK,-189.303,-92.164,-1652.426,OK,-248.266,-152.037,-1707.205,OK,-195.422,-186.016,-1644.678
3,Port 0x01: JJH Probe  s/n:3E4C880C,935957530,1782824892.168618263,1,Too Few Markers,-3.697314E28,-3.697314E28,-3.697314E28,-3.697314E28,-3.697314E28,-3.697314E28,-3.697314E28,0.0000000,3,Missing,-3.697314E28,-3.697314E28,-3.697314E28,Missing,-3.697314E28,-3.697314E28,-3.697314E28,Missing,-3.697314E28,-3.697314E28,-3.697314E28,Port 0x02: JJH T tibia tracker  s/n:3E4C8800,935957530,1782824892.168618263,1,OK,0.8566585,-0.0984087,-0.1980315,0.4660852,-2.273,-99.551,-1546.430,0.1893929,3,OK,-2.214,-99.694,-1546.404,OK,49.074,-177.312,-1523.278,OK,-45.842,-174.671,-1568.577,Port 0x03: JJH Y femur tracker  s/n:3E4C8801,935957530,1782824892.168618263,1,OK,0.6559826,-0.3172227,-0.2470059,0.6387838,-189.153,-93.152,-1652.265,0.5940275,3,OK,-188.994,-92.562,-1652.181,OK,-247.894,-152.607,-1706.733,OK,-194.748,-186.435,-1644.425
3,Port 0x01: JJH Probe  s/n:3E4C880C,935957533,1782824892.218618264,1,Too Few Markers,-3.697314E28,-3.697314E28,-3.697314E28,-3.697314E28,-3.697314E28,-3.697314E28,-3.697314E28,0.0000000,3,Missing,-3.697314E28,-3.697314E28,-3.697314E28,Missing,-3.697314E28,-3.697314E28,-3.697314E28,Missing,-3.697314E28,-3.697314E28,-3.697314E28,Port 0x02: JJH T tibia tracker  s/n:3E4C8800,935957533,1782824892.218618264,1,OK,0.8568778,-0.0987753,-0.1977710,0.4657151,-2.352,-99.526,-1546.582,0.1942994,3,OK,-2.306,-99.678,-1546.562,OK,48.917,-177.330,-1523.382,OK,-45.987,-174.600,-1568.665,Port 0x03: JJH Y femur tracker  s/n:3E4C8801,935957533,1782824892.218618264,1,OK,0.6560515,-0.3159853,-0.2464632,0.6395355,-189.429,-93.119,-1651.901,0.6171498,3,OK,-189.223,-92.502,-1651.771,OK,-248.295,-152.665,-1706.277,OK,-194.900,-186.388,-1644.112
3,Port 0x01: JJH Probe  s/n:3E4C880C,935957536,1782824892.268618263,1,Too Few Markers,-3.697314E28,-3.697314E28,-3.697314E28,-3.697314E28,-3.697314E28,-3.697314E28,-3.697314E28,0.0000000,3,Missing,-3.697314E28,-3.697314E28,-3.697314E28,Missing,-3.697314E28,-3.697314E28,-3.697314E28,Missing,-3.697314E28,-3.697314E28,-3.697314E28,Port 0x02: JJH T tibia tracker  s/n:3E4C8800,935957536,1782824892.268618263,1,OK,0.8566223,-0.0991623,-0.1979125,0.4660427,-2.338,-99.472,-1546.212,0.1863506,3,OK,-2.264,-99.619,-1546.179,OK,48.976,-177.205,-1522.921,OK,-45.943,-174.615,-1568.286,Port 0x03: JJH Y femur tracker  s/n:3E4C8801,935957536,1782824892.268618263,1,OK,0.6565909,-0.3155703,-0.2451819,0.6396793,-189.606,-93.093,-1651.758,0.6115085,3,OK,-189.426,-92.492,-1651.655,OK,-248.664,-152.582,-1705.924,OK,-195.147,-186.369,-1643.862
3,Port 0x01: JJH Probe  s/n:3E4C880C,935957539,1782824892.318618263,1,Too Few Markers,-3.697314E28,-3.697314E28,-3.697314E28,-3.697314E28,-3.697314E28,-3.697314E28,-3.697314E28,0.0000000,3,Missing,-3.697314E28,-3.697314E28,-3.697314E28,Missing,-3.697314E28,-3.697314E28,-3.697314E28,Missing,-3.697314E28,-3.697314E28,-3.697314E28,Port 0x02: JJH T tibia tracker  s/n:3E4C8800,935957539,1782824892.318618263,1,OK,0.8563687,-0.0998070,-0.1981360,0.4662761,-2.353,-99.402,-1546.056,0.1860518,3,OK,-2.274,-99.561,-1546.020,OK,48.978,-177.080,-1522.627,OK,-45.919,-174.586,-1568.105,Port 0x03: JJH Y femur tracker  s/n:3E4C8801,935957539,1782824892.318618263,1,OK,0.6574993,-0.3132147,-0.2431184,0.6406908,-190.151,-93.124,-1651.209,0.6064308,3,OK,-189.971,-92.520,-1651.109,OK,-249.566,-152.590,-1704.993,OK,-195.645,-186.404,-1643.333
3,Port 0x01: JJH Probe  s/n:3E4C880C,935957542,1782824892.368618263,1,Too Few Markers,-3.697314E28,-3.697314E28,-3.697314E28,-3.697314E28,-3.697314E28,-3.697314E28,-3.697314E28,0.0000000,3,Missing,-3.697314E28,-3.697314E28,-3.697314E28,Missing,-3.697314E28,-3.697314E28,-3.697314E28,Missing,-3.697314E28,-3.697314E28,-3.697314E28,Port 0x02: JJH T tibia tracker  s/n:3E4C8800,935957542,1782824892.368618263,1,OK,0.8562525,-0.1011452,-0.1971451,0.4666210,-2.274,-99.336,-1545.943,0.1833950,3,OK,-2.211,-99.486,-1545.915,OK,49.063,-176.953,-1522.278,OK,-45.832,-174.584,-1567.708,Port 0x03: JJH Y femur tracker  s/n:3E4C8801,935957542,1782824892.368618263,1,OK,0.6588934,-0.3084835,-0.2385080,0.6432817,-191.246,-93.251,-1650.031,0.5994093,3,OK,-191.069,-92.648,-1649.938,OK,-251.358,-152.781,-1702.938,OK,-196.535,-186.536,-1642.078
3,Port 0x01: JJH Probe  s/n:3E4C880C,935957545,1782824892.418618263,1,Too Few Markers,-3.697314E28,-3.697314E28,-3.697314E28,-3.697314E28,-3.697314E28,-3.697314E28,-3.697314E28,0.0000000,3,Missing,-3.697314E28,-3.697314E28,-3.697314E28,Missing,-3.697314E28,-3.697314E28,-3.697314E28,Missing,-3.697314E28,-3.697314E28,-3.697314E28,Port 0x02: JJH T tibia tracker  s/n:3E4C8800,935957545,1782824892.418618263,1,OK,0.8562757,-0.1014320,-0.1968673,0.4666334,-2.172,-99.312,-1545.973,0.1921940,3,OK,-2.108,-99.465,-1545.944,OK,49.146,-176.917,-1522.266,OK,-45.738,-174.568,-1567.667,Port 0x03: JJH Y femur tracker  s/n:3E4C8801,935957545,1782824892.418618263,1,OK,0.6608580,-0.3012328,-0.2315674,0.6472264,-192.873,-93.365,-1648.040,0.6043130,3,OK,-192.685,-92.764,-1647.939,OK,-254.032,-153.018,-1699.634,OK,-197.809,-186.648,-1639.966
3,Port 0x01: JJH Probe  s/n:3E4C880C,935957548,1782824892.468618264,1,Too Few Markers,-3.697314E28,-3.697314E28,-3.697314E28,-3.697314E28,-3.697314E28,-3.697314E28,-3.697314E28,0.0000000,3,Missing,-3.697314E28,-3.697314E28,-3.697314E28,Missing,-3.697314E28,-3.697314E28,-3.697314E28,Missing,-3.697314E28,-3.697314E28,-3.697314E28,Port 0x02: JJH T tibia tracker  s/n:3E4C8800,935957548,1782824892.468618264,1,OK,0.8562142,-0.1011682,-0.1973091,0.4666169,-2.089,-99.263,-1546.164,0.1869818,3,OK,-2.015,-99.404,-1546.130,OK,49.235,-176.874,-1522.495,OK,-45.639,-174.525,-1567.952,Port 0x03: JJH Y femur tracker  s/n:3E4C8801,935957548,1782824892.468618264,1,OK,0.6635915,-0.2920094,-0.2222081,0.6519206,-194.986,-93.555,-1645.515,0.6073369,3,OK,-194.797,-92.946,-1645.422,OK,-257.505,-153.311,-1695.323,OK,-199.572,-186.847,-1637.265
3,Port 0x01: JJH Probe  s/n:3E4C880C,935957551,1782824892.518618263,1,Too Few Markers,-3.697314E28,-3.697314E28,-3.697314E28,-3.697314E28,-3.697314E28,-3.697314E28,-3.697314E28,0.0000000,3,Missing,-3.697314E28,-3.697314E28,-3.697314E28,Missing,-3.697314E28,-3.697314E28,-3.697314E28,Missing,-3.697314E28,-3.697314E28,-3.697314E28,Port 0x02: JJH T tibia tracker  s/n:3E4C8800,935957551,1782824892.518618263,1,OK,0.8565392,-0.1001507,-0.1980991,0.4659047,-1.963,-99.292,-1547.245,0.1874938,3,OK,-1.911,-99.448,-1547.222,OK,49.284,-177.030,-1523.770,OK,-45.560,-174.425,-1569.256,Port 0x03: JJH Y femur tracker  s/n:3E4C8801,935957551,1782824892.518618263,1,OK,0.6670685,-0.2802165,-0.2111787,0.6571925,-197.443,-93.637,-1642.357,0.6056217,3,OK,-197.231,-93.007,-1642.255,OK,-261.569,-153.459,-1690.019,OK,-201.649,-186.930,-1634.069
3,Port 0x01: JJH Probe  s/n:3E4C880C,935957554,1782824892.568618263,1,Too Few Markers,-3.697314E28,-3.697314E28,-3.697314E28,-3.697314E28,-3.697314E28,-3.697314E28,-3.697314E28,0.0000000,3,Missing,-3.697314E28,-3.697314E28,-3.697314E28,Missing,-3.697314E28,-3.697314E28,-3.697314E28,Missing,-3.697314E28,-3.697314E28,-3.697314E28,Port 0x02: JJH T tibia tracker  s/n:3E4C8800,935957554,1782824892.568618263,1,OK,0.8567829,-0.0973406,-0.1998935,0.4652853,-1.735,-99.669,-1548.339,0.1967785,3,OK,-1.663,-99.820,-1548.307,OK,49.498,-177.542,-1525.375,OK,-45.310,-174.677,-1570.882,Port 0x03: JJH Y femur tracker  s/n:3E4C8801,935957554,1782824892.568618263,1,OK,0.6706308,-0.2671076,-0.1978489,0.6631469,-200.114,-93.872,-1638.630,0.5839416,3,OK,-199.906,-93.244,-1638.542,OK,-265.973,-153.814,-1683.639,OK,-203.890,-187.157,-1630.155
3,Port 0x01: JJH Probe  s/n:3E4C880C,935957557,1782824892.618618263,1,Too Few Markers,-3.697314E28,-3.697314E28,-3.697314E28,-3.697314E28,-3.697314E28,-3.697314E28,-3.697314E28,0.0000000,3,Missing,-3.697314E28,-3.697314E28,-3.697314E28,Missing,-3.697314E28,-3.697314E28,-3.697314E28,Missing,-3.697314E28,-3.697314E28,-3.697314E28,Port 0x02: JJH T tibia tracker  s/n:3E4C8800,935957557,1782824892.618618263,1,OK,0.8572654,-0.0924850,-0.2026794,0.4641806,-1.496,-100.364,-1550.439,0.1864889,3,OK,-1.431,-100.500,-1550.412,OK,49.749,-178.500,-1528.351,OK,-45.055,-175.119,-1573.851,Port 0x03: JJH Y femur tracker  s/n:3E4C8801,935957557,1782824892.618618263,1,OK,0.6742070,-0.2525037,-0.1839767,0.6692081,-202.928,-93.895,-1634.478,0.5827389,3,OK,-202.708,-93.266,-1634.391,OK,-270.545,-153.936,-1676.684,OK,-206.182,-187.181,-1625.924
3,Port 0x01: JJH Probe  s/n:3E4C880C,935957560,1782824892.668618263,1,Too Few Markers,-3.697314E28,-3.697314E28,-3.697314E28,-3.697314E28,-3.697314E28,-3.697314E28,-3.697314E28,0.0000000,3,Missing,-3.697314E28,-3.697314E28,-3.697314E28,Missing,-3.697314E28,-3.697314E28,-3.697314E28,Missing,-3.697314E28,-3.697314E28,-3.697314E28,Port 0x02: JJH T tibia tracker  s/n:3E4C8800,935957560,1782824892.668618263,1,OK,0.8583012,-0.0858157,-0.2056437,0.4622395,-1.467,-100.619,-1552.725,0.2066669,3,OK,-1.389,-100.768,-1552.695,OK,49.700,-179.117,-1531.895,OK,-45.121,-174.969,-1577.213,Port 0x03: JJH Y femur tracker  s/n:3E4C8801,935957560,1782824892.668618263,1,OK,0.6774836,-0.2370049,-0.1683874,0.6756407,-205.610,-94.148,-1629.955,0.5696103,3,OK,-205.399,-93.521,-1629.886,OK,-274.952,-154.360,-1668.938,OK,-208.283,-187.433,-1621.212
3,Port 0x01: JJH Probe  s/n:3E4C880C,935957563,1782824892.718618264,1,Too Few Markers,-3.697314E28,-3.697314E28,-3.697314E28,-3.697314E28,-3.697314E28,-3.697314E28,-3.697314E28,0.0000000,3,Missing,-3.697314E28,-3.697314E28,-3.697314E28,Missing,-3.697314E28,-3.697314E28,-3.697314E28,Missing,-3.697314E28,-3.697314E28,-3.697314E28,Port 0x02: JJH T tibia tracker  s/n:3E4C8800,935957563,1782824892.718618264,1,OK,0.8592060,-0.0811458,-0.2076201,0.4605152,-1.367,-100.979,-1555.010,0.1793065,3,OK,-1.293,-101.137,-1554.983,OK,49.745,-179.774,-1535.051,OK,-45.203,-174.985,-1580.268,Port 0x03: JJH Y femur tracker  s/n:3E4C8801,935957563,1782824892.718618264,1,OK,0.6805702,-0.2207217,-0.1525909,0.6817786,-208.201,-94.443,-1625.059,0.5711930,3,OK,-207.974,-93.794,-1624.993,OK,-279.167,-154.825,-1660.714,OK,-210.285,-187.729,-1616.231
3,Port 0x01: JJH Probe  s/n:3E4C880C,935957566,1782824892.768618263,1,Too Few Markers,-3.697314E28,-3.697314E28,-3.697314E28,-3.697314E28,-3.697314E28,-3.697314E28,-3.697314E28,0.0000000,3,Missing,-3.697314E28,-3.697314E28,-3.697314E28,Missing,-3.697314E28,-3.697314E28,-3.697314E28,Missing,-3.697314E28,-3.697314E28,-3.697314E28,Port 0x02: JJH T tibia tracker  s/n:3E4C8800,935957566,1782824892.768618263,1,OK,0.8602609,-0.0766430,-0.2085746,0.4588831,-1.428,-101.228,-1556.817,0.1948957,3,OK,-1.345,-101.383,-1556.787,OK,49.573,-180.290,-1537.753,OK,-45.446,-174.926,-1582.650,Port 0x03: JJH Y femur tracker  s/n:3E4C8801,935957566,1782824892.768618263,1,OK,0.6831307,-0.2051008,-0.1359910,0.6875845,-210.581,-94.724,-1620.016,0.5653397,3,OK,-210.358,-94.079,-1619.966,OK,-283.027,-155.304,-1652.156,OK,-212.073,-187.996,-1610.918
3,Port 0x01: JJH Probe  s/n:3E4C880C,935957569,1782824892.818618263,1,Too Few Markers,-3.697314E28,-3.697314E28,-3.697314E28,-3.697314E28,-3.697314E28,-3.697314E28,-3.697314E28,0.0000000,3,Missing,-3.697314E28,-3.697314E28,-3.697314E28,Missing,-3.697314E28,-3.697314E28,-3.697314E28,Missing,-3.697314E28,-3.697314E28,-3.697314E28,Port 0x02: JJH T tibia tracker  s/n:3E4C8800,935957569,1782824892.818618263,1,OK,0.8605628,-0.0748608,-0.2095612,0.4581612,-1.340,-101.404,-1557.763,0.2040352,3,OK,-1.268,-101.562,-1557.740,OK,49.597,-180.586,-1539.046,OK,-45.380,-174.953,-1583.904,Port 0x03: JJH Y femur tracker  s/n:3E4C8801,935957569,1782824892.818618263,1,OK,0.6854620,-0.1885192,-0.1192808,0.6930905,-212.659,-95.060,-1614.962,0.5340376,3,OK,-212.456,-94.436,-1614.931,OK,-286.410,-155.806,-1643.478,OK,-213.549,-188.310,-1605.740
3,Port 0x01: JJH Probe  s/n:3E4C880C,935957572,1782824892.868581126,1,Too Few Markers,-3.697314E28,-3.697314E28,-3.697314E28,-3.697314E28,-3.697314E28,-3.697314E28,-3.697314E28,0.0000000,3,Missing,-3.697314E28,-3.697314E28,-3.697314E28,Missing,-3.697314E28,-3.697314E28,-3.697314E28,Missing,-3.697314E28,-3.697314E28,-3.697314E28,Port 0x02: JJH T tibia tracker  s/n:3E4C8800,935957572,1782824892.868581126,1,OK,0.8604885,-0.0753254,-0.2102436,0.4579118,-1.317,-101.176,-1557.482,0.1993732,3,OK,-1.224,-101.313,-1557.447,OK,49.551,-180.374,-1538.673,OK,-45.365,-174.736,-1583.701,Port 0x03: JJH Y femur tracker  s/n:3E4C8801,935957572,1782824892.868581126,1,OK,0.6875888,-0.1719809,-0.1029895,0.6978806,-214.512,-95.167,-1609.813,0.5159341,3,OK,-214.322,-94.542,-1609.797,OK,-289.397,-156.030,-1634.754,OK,-214.867,-188.410,-1600.556
3,Port 0x01: JJH Probe  s/n:3E4C880C,935957575,1782824892.918581126,1,Too Few Markers,-3.697314E28,-3.697314E28,-3.697314E28,-3.697314E28,-3.697314E28,-3.697314E28,-3.697314E28,0.0000000,3,Missing,-3.697314E28,-3.697314E28,-3.697314E28,Missing,-3.697314E28,-3.697314E28,-3.697314E28,Missing,-3.697314E28,-3.697314E28,-3.697314E28,Port 0x02: JJH T tibia tracker  s/n:3E4C8800,935957575,1782824892.918581126,1,OK,0.8604345,-0.0771071,-0.2091181,0.4582320,-1.156,-101.055,-1557.069,0.2049788,3,OK,-1.083,-101.217,-1557.045,OK,49.696,-180.191,-1537.941,OK,-45.219,-174.681,-1582.952,Port 0x03: JJH Y femur tracker  s/n:3E4C8801,935957575,1782824892.918581126,1,OK,0.6889613,-0.1557232,-0.0868691,0.7025214,-216.028,-95.575,-1604.700,0.5010822,3,OK,-215.844,-94.949,-1604.695,OK,-291.809,-156.637,-1626.061,OK,-215.779,-188.800,-1595.399
3,Port 0x01: JJH Probe  s/n:3E4C880C,935957578,1782824892.968581130,1,Too Few Markers,-3.697314E28,-3.697314E28,-3.697314E28,-3.697314E28,-3.697314E28,-3.697314E28,-3.697314E28,0.0000000,3,Missing,-3.697314E28,-3.697314E28,-3.697314E28,Missing,-3.697314E28,-3.697314E28,-3.697314E28,Missing,-3.697314E28,-3.697314E28,-3.697314E28,Port 0x02: JJH T tibia tracker  s/n:3E4C8800,935957578,1782824892.968581130,1,OK,0.8599472,-0.0798294,-0.2086280,0.4589035,-1.000,-101.014,-1556.856,0.1899154,3,OK,-0.927,-101.172,-1556.830,OK,49.869,-180.028,-1537.195,OK,-45.009,-174.801,-1582.421,Port 0x03: JJH Y femur tracker  s/n:3E4C8801,935957578,1782824892.968581130,1,OK,0.6901733,-0.1398456,-0.0713492,0.7064087,-217.346,-95.823,-1599.663,0.4964234,3,OK,-217.163,-95.195,-1599.667,OK,-293.897,-157.020,-1617.565,OK,-216.553,-189.039,-1590.373
3,Port 0x01: JJH Probe  s/n:3E4C880C,935957581,1782824893.018581130,1,Too Few Markers,-3.697314E28,-3.697314E28,-3.697314E28,-3.697314E28,-3.697314E28,-3.697314E28,-3.697314E28,0.0000000,3,Missing,-3.697314E28,-3.697314E28,-3.697314E28,Missing,-3.697314E28,-3.697314E28,-3.697314E28,Missing,-3.697314E28,-3.697314E28,-3.697314E28,Port 0x02: JJH T tibia tracker  s/n:3E4C8800,935957581,1782824893.018581130,1,OK,0.8596766,-0.0817632,-0.2072885,0.4596763,-0.879,-100.912,-1556.228,0.2139894,3,OK,-0.802,-101.076,-1556.200,OK,50.013,-179.793,-1536.221,OK,-44.832,-174.849,-1581.392,Port 0x03: JJH Y femur tracker  s/n:3E4C8801,935957581,1782824893.018581130,1,OK,0.6909625,-0.1236828,-0.0556527,0.7100536,-218.405,-96.015,-1594.614,0.4915143,3,OK,-218.226,-95.379,-1594.628,OK,-295.538,-157.369,-1608.985,OK,-217.056,-189.219,-1585.369
3,Port 0x01: JJH Probe  s/n:3E4C880C,935957584,1782824893.068581129,1,Too Few Markers,-3.697314E28,-3.697314E28,-3.697314E28,-3.697314E28,-3.697314E28,-3.697314E28,-3.697314E28,0.0000000,3,Missing,-3.697314E28,-3.697314E28,-3.697314E28,Missing,-3.697314E28,-3.697314E28,-3.697314E28,Missing,-3.697314E28,-3.697314E28,-3.697314E28,Port 0x02: JJH T tibia tracker  s/n:3E4C8800,935957584,1782824893.068581129,1,OK,0.8592941,-0.0844122,-0.2060931,0.4604497,-0.660,-100.753,-1555.419,0.2029465,3,OK,-0.587,-100.909,-1555.391,OK,50.266,-179.498,-1534.910,OK,-44.583,-174.858,-1580.159,Port 0x03: JJH Y femur tracker  s/n:3E4C8801,935957584,1782824893.068581129,1,OK,0.6914834,-0.1079127,-0.0404066,0.7131429,-219.211,-96.277,-1589.660,0.4842381,3,OK,-219.030,-95.642,-1589.681,OK,-296.781,-157.765,-1600.592,OK,-217.347,-189.460,-1580.489
3,Port 0x01: JJH Probe  s/n:3E4C880C,935957587,1782824893.118581129,1,Too Few Markers,-3.697314E28,-3.697314E28,-3.697314E28,-3.697314E28,-3.697314E28,-3.697314E28,-3.697314E28,0.0000000,3,Missing,-3.697314E28,-3.697314E28,-3.697314E28,Missing,-3.697314E28,-3.697314E28,-3.697314E28,Missing,-3.697314E28,-3.697314E28,-3.697314E28,Port 0x02: JJH T tibia tracker  s/n:3E4C8800,935957587,1782824893.118581129,1,OK,0.8591324,-0.0861887,-0.2050428,0.4608910,-0.530,-100.641,-1554.823,0.1970831,3,OK,-0.456,-100.786,-1554.794,OK,50.402,-179.304,-1533.990,OK,-44.460,-174.857,-1579.243,Port 0x03: JJH Y femur tracker  s/n:3E4C8801,935957587,1782824893.118581129,1,OK,0.6915284,-0.0932486,-0.0253058,0.7158580,-219.850,-96.503,-1584.831,0.4938734,3,OK,-219.671,-95.855,-1584.861,OK,-297.707,-158.134,-1592.376,OK,-217.451,-189.681,-1575.614
3,Port 0x01: JJH Probe  s/n:3E4C880C,935957590,1782824893.168581130,1,Too Few Markers,-3.697314E28,-3.697314E28,-3.697314E28,-3.697314E28,-3.697314E28,-3.697314E28,-3.697314E28,0.0000000,3,Missing,-3.697314E28,-3.697314E28,-3.697314E28,Missing,-3.697314E28,-3.697314E28,-3.697314E28,Missing,-3.697314E28,-3.697314E28,-3.697314E28,Port 0x02: JJH T tibia tracker  s/n:3E4C8800,935957590,1782824893.168581130,1,OK,0.8589674,-0.0863190,-0.2054391,0.4609976,-0.376,-100.682,-1554.836,0.1976832,3,OK,-0.292,-100.836,-1554.802,OK,50.570,-179.318,-1533.961,OK,-44.273,-174.914,-1579.305,Port 0x03: JJH Y femur tracker  s/n:3E4C8801,935957590,1782824893.168581130,1,OK,0.6912875,-0.0785150,-0.0107665,0.7182208,-220.235,-96.835,-1580.050,0.4852635,3,OK,-220.070,-96.193,-1580.090,OK,-298.201,-158.597,-1584.308,OK,-217.323,-189.996,-1570.891
3,Port 0x01: JJH Probe  s/n:3E4C880C,935957593,1782824893.218581130,1,Too Few Markers,-3.697314E28,-3.697314E28,-3.697314E28,-3.697314E28,-3.697314E28,-3.697314E28,-3.697314E28,0.0000000,3,Missing,-3.697314E28,-3.697314E28,-3.697314E28,Missing,-3.697314E28,-3.697314E28,-3.697314E28,Missing,-3.697314E28,-3.697314E28,-3.697314E28,Port 0x02: JJH T tibia tracker  s/n:3E4C8800,935957593,1782824893.218581130,1,OK,0.8591362,-0.0855005,-0.2056507,0.4607412,-0.299,-100.775,-1555.382,0.1968735,3,OK,-0.231,-100.929,-1555.357,OK,50.638,-179.470,-1534.666,OK,-44.208,-174.942,-1579.954,Port 0x03: JJH Y femur tracker  s/n:3E4C8801,935957593,1782824893.218581130,1,OK,0.6907533,-0.0641593,0.0037805,0.7202286,-220.393,-97.069,-1575.453,0.4928252,3,OK,-220.229,-96.415,-1575.501,OK,-298.356,-158.964,-1576.437,OK,-216.975,-190.218,-1566.316
3,Port 0x01: JJH Probe  s/n:3E4C880C,935957596,1782824893.268581130,1,Too Few Markers,-3.697314E28,-3.697314E28,-3.697314E28,-3.697314E28,-3.697314E28,-3.697314E28,-3.697314E28,0.0000000,3,Missing,-3.697314E28,-3.697314E28,-3.697314E28,Missing,-3.697314E28,-3.697314E28,-3.697314E28,Missing,-3.697314E28,-3.697314E28,-3.697314E28,Port 0x02: JJH T tibia tracker  s/n:3E4C8800,935957596,1782824893.268581130,1,OK,0.8594709,-0.0830591,-0.2068872,0.4600094,-0.263,-100.644,-1555.701,0.2052954,3,OK,-0.164,-100.781,-1555.660,OK,50.633,-179.457,-1535.447,OK,-44.214,-174.689,-1580.696,Port 0x03: JJH Y femur tracker  s/n:3E4C8801,935957596,1782824893.268581130,1,OK,0.6901532,-0.0499770,0.0174053,0.7217257,-220.446,-97.168,-1570.981,0.4914402,3,OK,-220.280,-96.515,-1571.035,OK,-298.318,-159.153,-1568.883,OK,-216.577,-190.306,-1561.979
3,Port 0x01: JJH Probe  s/n:3E4C880C,935957599,1782824893.318581129,1,Too Few Markers,-3.697314E28,-3.697314E28,-3.697314E28,-3.697314E28,-3.697314E28,-3.697314E28,-3.697314E28,0.0000000,3,Missing,-3.697314E28,-3.697314E28,-3.697314E28,Missing,-3.697314E28,-3.697314E28,-3.697314E28,Missing,-3.697314E28,-3.697314E28,-3.697314E28,Port 0x02: JJH T tibia tracker  s/n:3E4C8800,935957599,1782824893.318581129,1,OK,0.8598175,-0.0821307,-0.2073894,0.4593018,-0.296,-100.484,-1556.260,0.1855933,3,OK,-0.229,-100.632,-1556.236,OK,50.546,-179.419,-1536.184,OK,-44.327,-174.389,-1581.432,Port 0x03: JJH Y femur tracker  s/n:3E4C8801,935957599,1782824893.318581129,1,OK,0.6890057,-0.0362408,0.0315836,0.7231599,-220.304,-97.453,-1566.518,0.4928285,3,OK,-220.141,-96.797,-1566.579,OK,-297.913,-159.572,-1561.244,OK,-215.926,-190.568,-1557.533
3,Port 0x01: JJH Probe  s/n:3E4C880C,935957602,1782824893.368617906,1,Too Few Markers,-3.697314E28,-3.697314E28,-3.697314E28,-3.697314E28,-3.697314E28,-3.697314E28,-3.697314E28,0.0000000,3,Missing,-3.697314E28,-3.697314E28,-3.697314E28,Missing,-3.697314E28,-3.697314E28,-3.697314E28,Missing,-3.697314E28,-3.697314E28,-3.697314E28,Port 0x02: JJH T tibia tracker  s/n:3E4C8800,935957602,1782824893.368617906,1,OK,0.8598184,-0.0808542,-0.2085233,0.4590130,-0.264,-100.590,-1556.699,0.1870544,3,OK,-0.175,-100.733,-1556.664,OK,50.577,-179.568,-1536.846,OK,-44.277,-174.440,-1582.164,Port 0x03: JJH Y femur tracker  s/n:3E4C8801,935957602,1782824893.368617906,1,OK,0.6876649,-0.0227642,0.0451946,0.7242625,-219.961,-97.679,-1562.018,0.4881736,3,OK,-219.803,-97.029,-1562.086,OK,-297.204,-159.915,-1553.699,OK,-215.092,-190.770,-1553.106
3,Port 0x01: JJH Probe  s/n:3E4C880C,935957605,1782824893.418617907,1,Too Few Markers,-3.697314E28,-3.697314E28,-3.697314E28,-3.697314E28,-3.697314E28,-3.697314E28,-3.697314E28,0.0000000,3,Missing,-3.697314E28,-3.697314E28,-3.697314E28,Missing,-3.697314E28,-3.697314E28,-3.697314E28,Missing,-3.697314E28,-3.697314E28,-3.697314E28,Port 0x02: JJH T tibia tracker  s/n:3E4C8800,935957605,1782824893.418617907,1,OK,0.8596504,-0.0820251,-0.2081661,0.4592819,-0.202,-100.607,-1556.916,0.1887691,3,OK,-0.124,-100.759,-1556.886,OK,50.635,-179.534,-1536.842,OK,-44.188,-174.509,-1582.214,Port 0x03: JJH Y femur tracker  s/n:3E4C8801,935957605,1782824893.418617907,1,OK,0.6860488,-0.0087052,0.0584203,0.7251540,-219.464,-97.897,-1557.622,0.4880108,3,OK,-219.305,-97.246,-1557.696,OK,-296.218,-160.272,-1546.329,OK,-214.104,-190.975,-1548.925
3,Port 0x01: JJH Probe  s/n:3E4C880C,935957608,1782824893.468617907,1,Too Few Markers,-3.697314E28,-3.697314E28,-3.697314E28,-3.697314E28,-3.697314E28,-3.697314E28,-3.697314E28,0.0000000,3,Missing,-3.697314E28,-3.697314E28,-3.697314E28,Missing,-3.697314E28,-3.697314E28,-3.697314E28,Missing,-3.697314E28,-3.697314E28,-3.697314E28,Port 0x02: JJH T tibia tracker  s/n:3E4C8800,935957608,1782824893.468617907,1,OK,0.8592319,-0.0846032,-0.2071018,0.4600778,-0.207,-100.426,-1556.220,0.1901458,3,OK,-0.129,-100.584,-1556.191,OK,50.660,-179.209,-1535.658,OK,-44.141,-174.493,-1581.115,Port 0x03: JJH Y femur tracker  s/n:3E4C8801,935957608,1782824893.468617907,1,OK,0.6842597,0.0045294,0.0717989,0.7256811,-218.813,-98.114,-1553.195,0.4861172,3,OK,-218.656,-97.465,-1553.276,OK,-294.978,-160.598,-1538.940,OK,-212.996,-191.164,-1544.597
3,Port 0x01: JJH Probe  s/n:3E4C880C,935957611,1782824893.518657300,1,Too Few Markers,-3.697314E28,-3.697314E28,-3.697314E28,-3.697314E28,-3.697314E28,-3.697314E28,-3.697314E28,0.0000000,3,Missing,-3.697314E28,-3.697314E28,-3.697314E28,Missing,-3.697314E28,-3.697314E28,-3.697314E28,Missing,-3.697314E28,-3.697314E28,-3.697314E28,Port 0x02: JJH T tibia tracker  s/n:3E4C8800,935957611,1782824893.518657300,1,OK,0.8584753,-0.0898519,-0.2045179,0.4616483,-0.038,-100.329,-1554.962,0.1966247,3,OK,0.032,-100.486,-1554.935,OK,50.871,-178.821,-1533.426,OK,-43.885,-174.721,-1578.963,Port 0x03: JJH Y femur tracker  s/n:3E4C8801,935957611,1782824893.518657300,1,OK,0.6822234,0.0176555,0.0851961,0.7259485,-218.030,-98.292,-1549.052,0.4825552,3,OK,-217.868,-97.648,-1549.141,OK,-293.522,-160.875,-1531.848,OK,-211.738,-191.312,-1540.551
3,Port 0x01: JJH Probe  s/n:3E4C880C,935957614,1782824893.568657299,1,Too Few Markers,-3.697314E28,-3.697314E28,-3.697314E28,-3.697314E28,-3.697314E28,-3.697314E28,-3.697314E28,0.0000000,3,Missing,-3.697314E28,-3.697314E28,-3.697314E28,Missing,-3.697314E28,-3.697314E28,-3.697314E28,Missing,-3.697314E28,-3.697314E28,-3.697314E28,Port 0x02: JJH T tibia tracker  s/n:3E4C8800,935957614,1782824893.568657299,1,OK,0.8574751,-0.0953774,-0.2021604,0.4634336,-0.022,-100.240,-1553.719,0.1907818,3,OK,0.042,-100.398,-1553.693,OK,50.973,-178.393,-1531.135,OK,-43.748,-174.980,-1576.834,Port 0x03: JJH Y femur tracker  s/n:3E4C8801,935957614,1782824893.568657299,1,OK,0.6799368,0.0300471,0.0977915,0.7260991,-217.129,-98.495,-1544.950,0.4808650,3,OK,-216.967,-97.854,-1545.046,OK,-291.843,-161.198,-1524.994,OK,-210.367,-191.486,-1536.563
3,Port 0x01: JJH Probe  s/n:3E4C880C,935957617,1782824893.618657299,1,Too Few Markers,-3.697314E28,-3.697314E28,-3.697314E28,-3.697314E28,-3.697314E28,-3.697314E28,-3.697314E28,0.0000000,3,Missing,-3.697314E28,-3.697314E28,-3.697314E28,Missing,-3.697314E28,-3.697314E28,-3.697314E28,Missing,-3.697314E28,-3.697314E28,-3.697314E28,Port 0x02: JJH T tibia tracker  s/n:3E4C8800,935957617,1782824893.618657299,1,OK,0.8564659,-0.1011518,-0.1997948,0.4650983,0.131,-100.019,-1552.226,0.1896355,3,OK,0.203,-100.178,-1552.193,OK,51.175,-177.813,-1528.559,OK,-43.499,-175.102,-1574.435,Port 0x03: JJH Y femur tracker  s/n:3E4C8801,935957617,1782824893.618657299,1,OK,0.6777726,0.0423361,0.1090401,0.7259079,-216.086,-98.641,-1541.092,0.4746742,3,OK,-215.927,-98.008,-1541.192,OK,-290.019,-161.440,-1518.669,OK,-208.939,-191.619,-1532.983
3,Port 0x01: JJH Probe  s/n:3E4C880C,935957620,1782824893.668657300,1,Too Few Markers,-3.697314E28,-3.697314E28,-3.697314E28,-3.697314E28,-3.697314E28,-3.697314E28,-3.697314E28,0.0000000,3,Missing,-3.697314E28,-3.697314E28,-3.697314E28,Missing,-3.697314E28,-3.697314E28,-3.697314E28,Missing,-3.697314E28,-3.697314E28,-3.697314E28,Port 0x02: JJH T tibia tracker  s/n:3E4C8800,935957620,1782824893.668657300,1,OK,0.8555643,-0.1071547,-0.1967109,0.4667252,0.190,-99.882,-1551.104,0.1842070,3,OK,0.217,-100.045,-1551.091,OK,51.288,-177.342,-1526.328,OK,-43.357,-175.256,-1572.261,Port 0x03: JJH Y femur tracker  s/n:3E4C8801,935957620,1782824893.668657300,1,OK,0.6754306,0.0542343,0.1205874,0.7254728,-215.004,-98.715,-1537.462,0.4725144,3,OK,-214.838,-98.087,-1537.569,OK,-288.083,-161.596,-1512.540,OK,-207.474,-191.669,-1529.550
3,Port 0x01: JJH Probe  s/n:3E4C880C,935957623,1782824893.718657300,1,Too Few Markers,-3.697314E28,-3.697314E28,-3.697314E28,-3.697314E28,-3.697314E28,-3.697314E28,-3.697314E28,0.0000000,3,Missing,-3.697314E28,-3.697314E28,-3.697314E28,Missing,-3.697314E28,-3.697314E28,-3.697314E28,Missing,-3.697314E28,-3.697314E28,-3.697314E28,Port 0x02: JJH T tibia tracker  s/n:3E4C8800,935957623,1782824893.718657300,1,OK,0.8550552,-0.1093464,-0.1957534,0.4675517,0.066,-99.564,-1550.109,0.1830943,3,OK,0.124,-99.719,-1550.080,OK,51.209,-176.834,-1524.922,OK,-43.433,-175.110,-1570.913,Port 0x03: JJH Y femur tracker  s/n:3E4C8801,935957623,1782824893.718657300,1,OK,0.6730486,0.0646456,0.1312978,0.7249741,-213.909,-98.847,-1534.068,0.4707576,3,OK,-213.738,-98.222,-1534.184,OK,-286.122,-161.803,-1506.864,OK,-206.006,-191.770,-1526.267
3,Port 0x01: JJH Probe  s/n:3E4C880C,935957626,1782824893.768690960,1,Too Few Markers,-3.697314E28,-3.697314E28,-3.697314E28,-3.697314E28,-3.697314E28,-3.697314E28,-3.697314E28,0.0000000,3,Missing,-3.697314E28,-3.697314E28,-3.697314E28,Missing,-3.697314E28,-3.697314E28,-3.697314E28,Missing,-3.697314E28,-3.697314E28,-3.697314E28,Port 0x02: JJH T tibia tracker  s/n:3E4C8800,935957626,1782824893.768690960,1,OK,0.8545464,-0.1113306,-0.1952226,0.4682351,0.154,-99.600,-1549.909,0.1810142,3,OK,0.217,-99.738,-1549.877,OK,51.323,-176.726,-1524.344,OK,-43.267,-175.279,-1570.433,Port 0x03: JJH Y femur tracker  s/n:3E4C8801,935957626,1782824893.768690960,1,OK,0.6707213,0.0743946,0.1408778,0.7243976,-212.737,-98.943,-1530.935,0.4727504,3,OK,-212.561,-98.317,-1531.059,OK,-284.096,-161.982,-1501.699,OK,-204.504,-191.843,-1523.301
3,Port 0x01: JJH Probe  s/n:3E4C880C,935957629,1782824893.818690959,1,Too Few Markers,-3.697314E28,-3.697314E28,-3.697314E28,-3.697314E28,-3.697314E28,-3.697314E28,-3.697314E28,0.0000000,3,Missing,-3.697314E28,-3.697314E28,-3.697314E28,Missing,-3.697314E28,-3.697314E28,-3.697314E28,Missing,-3.697314E28,-3.697314E28,-3.697314E28,Port 0x02: JJH T tibia tracker  s/n:3E4C8800,935957629,1782824893.818690959,1,OK,0.8542865,-0.1118973,-0.1950019,0.4686660,0.176,-99.744,-1549.743,0.1979996,3,OK,0.263,-99.878,-1549.699,OK,51.371,-176.780,-1524.074,OK,-43.188,-175.504,-1570.167,Port 0x03: JJH Y femur tracker  s/n:3E4C8801,935957629,1782824893.818690959,1,OK,0.6684344,0.0838763,0.1502950,0.7235825,-211.599,-99.028,-1528.054,0.4649069,3,OK,-211.422,-98.414,-1528.183,OK,-282.087,-162.111,-1496.839,OK,-203.068,-191.901,-1520.574
3,Port 0x01: JJH Probe  s/n:3E4C880C,935957632,1782824893.868690959,1,Too Few Markers,-3.697314E28,-3.697314E28,-3.697314E28,-3.697314E28,-3.697314E28,-3.697314E28,-3.697314E28,0.0000000,3,Missing,-3.697314E28,-3.697314E28,-3.697314E28,Missing,-3.697314E28,-3.697314E28,-3.697314E28,Missing,-3.697314E28,-3.697314E28,-3.697314E28,Port 0x02: JJH T tibia tracker  s/n:3E4C8800,935957632,1782824893.868690959,1,OK,0.8536887,-0.1152596,-0.1941958,0.4692747,0.169,-99.604,-1549.561,0.1742027,3,OK,0.232,-99.760,-1549.527,OK,51.369,-176.467,-1523.245,OK,-43.169,-175.477,-1569.555,Port 0x03: JJH Y femur tracker  s/n:3E4C8801,935957632,1782824893.868690959,1,OK,0.6659535,0.0933190,0.1595191,0.7227387,-210.430,-99.087,-1525.288,0.4636068,3,OK,-210.242,-98.479,-1525.427,OK,-279.997,-162.244,-1492.147,OK,-201.590,-191.928,-1517.992
3,Port 0x01: JJH Probe  s/n:3E4C880C,935957635,1782824893.918690960,1,Too Few Markers,-3.697314E28,-3.697314E28,-3.697314E28,-3.697314E28,-3.697314E28,-3.697314E28,-3.697314E28,0.0000000,3,Missing,-3.697314E28,-3.697314E28,-3.697314E28,Missing,-3.697314E28,-3.697314E28,-3.697314E28,Missing,-3.697314E28,-3.697314E28,-3.697314E28,Port 0x02: JJH T tibia tracker  s/n:3E4C8800,935957635,1782824893.918690960,1,OK,0.8531367,-0.1176058,-0.1931082,0.4701444,0.028,-99.572,-1548.829,0.1753997,3,OK,0.094,-99.716,-1548.794,OK,51.275,-176.248,-1522.078,OK,-43.233,-175.598,-1568.419,Port 0x03: JJH Y femur tracker  s/n:3E4C8801,935957635,1782824893.918690960,1,OK,0.6634272,0.1025789,0.1688068,0.7216967,-209.139,-99.208,-1522.532,0.4698156,3,OK,-208.944,-98.595,-1522.682,OK,-277.743,-162.412,-1487.475,OK,-200.004,-192.029,-1515.391
3,Port 0x01: JJH Probe  s/n:3E4C880C,935957638,1782824893.968690960,1,Too Few Markers,-3.697314E28,-3.697314E28,-3.697314E28,-3.697314E28,-3.697314E28,-3.697314E28,-3.697314E28,0.0000000,3,Missing,-3.697314E28,-3.697314E28,-3.697314E28,Missing,-3.697314E28,-3.697314E28,-3.697314E28,Missing,-3.697314E28,-3.697314E28,-3.697314E28,Port 0x02: JJH T tibia tracker  s/n:3E4C8800,935957638,1782824893.968690960,1,OK,0.8528489,-0.1188276,-0.1927842,0.4704923,-0.245,-99.445,-1548.697,0.1640077,3,OK,-0.197,-99.594,-1548.670,OK,51.029,-176.048,-1521.704,OK,-43.472,-175.518,-1568.118,Port 0x03: JJH Y femur tracker  s/n:3E4C8801,935957638,1782824893.968690960,1,OK,0.6607136,0.1127269,0.1786128,0.7203108,-207.581,-99.157,-1519.250,0.4604108,3,OK,-207.387,-98.559,-1519.406,OK,-275.106,-162.388,-1482.189,OK,-198.184,-191.951,-1512.322
3,Port 0x01: JJH Probe  s/n:3E4C880C,935957641,1782824894.018690960,1,Too Few Markers,-3.697314E28,-3.697314E28,-3.697314E28,-3.697314E28,-3.697314E28,-3.697314E28,-3.697314E28,0.0000000,3,Missing,-3.697314E28,-3.697314E28,-3.697314E28,Missing,-3.697314E28,-3.697314E28,-3.697314E28,Missing,-3.697314E28,-3.697314E28,-3.697314E28,Port 0x02: JJH T tibia tracker  s/n:3E4C8800,935957641,1782824894.018690960,1,OK,0.8545355,-0.1124032,-0.1950729,0.4680612,-1.605,-98.425,-1549.713,0.1837082,3,OK,-1.560,-98.578,-1549.689,OK,49.492,-175.548,-1523.958,OK,-45.052,-174.090,-1570.120,Port 0x03: JJH Y femur tracker  s/n:3E4C8801,935957641,1782824894.018690960,1,OK,0.6573370,0.1243829,0.1903500,0.7184733,-205.779,-99.055,-1515.724,0.4625481,3,OK,-205.580,-98.461,-1515.893,OK,-271.971,-162.296,-1476.296,OK,-196.050,-191.825,-1508.998
3,Port 0x01: JJH Probe  s/n:3E4C880C,935957644,1782824894.068690960,1,Too Few Markers,-3.697314E28,-3.697314E28,-3.697314E28,-3.697314E28,-3.697314E28,-3.697314E28,-3.697314E28,0.0000000,3,Missing,-3.697314E28,-3.697314E28,-3.697314E28,Missing,-3.697314E28,-3.697314E28,-3.697314E28,Missing,-3.697314E28,-3.697314E28,-3.697314E28,Port 0x02: JJH T tibia tracker  s/n:3E4C8800,935957644,1782824894.068690960,1,OK,0.8530516,-0.1133842,-0.1958123,0.4702176,-0.444,-98.947,-1550.778,0.1725380,3,OK,-0.403,-99.105,-1550.756,OK,50.988,-175.767,-1524.730,OK,-43.493,-174.859,-1571.129,Port 0x03: JJH Y femur tracker  s/n:3E4C8801,935957644,1782824894.068690960,1,OK,0.6533464,0.1351520,0.2020784,0.7169635,-203.904,-99.308,-1512.606,0.4715609,3,OK,-203.685,-98.716,-1512.796,OK,-268.637,-162.645,-1470.867,OK,-193.711,-192.016,-1506.001
3,Port 0x01: JJH Probe  s/n:3E4C880C,935957647,1782824894.118690960,1,Too Few Markers,-3.697314E28,-3.697314E28,-3.697314E28,-3.697314E28,-3.697314E28,-3.697314E28,-3.697314E28,0.0000000,3,Missing,-3.697314E28,-3.697314E28,-3.697314E28,Missing,-3.697314E28,-3.697314E28,-3.697314E28,Missing,-3.697314E28,-3.697314E28,-3.697314E28,Port 0x02: JJH T tibia tracker  s/n:3E4C8800,935957647,1782824894.118690960,1,OK,0.8513477,-0.1253955,-0.1901399,0.4725780,-0.142,-99.071,-1548.116,0.1730942,3,OK,-0.112,-99.230,-1548.095,OK,51.218,-175.180,-1519.902,OK,-43.177,-175.482,-1566.471,Port 0x03: JJH Y femur tracker  s/n:3E4C8801,935957647,1782824894.118690960,1,OK,0.6499668,0.1453506,0.2115978,0.7152921,-202.102,-99.397,-1509.586,0.4575243,3,OK,-201.899,-98.822,-1509.774,OK,-265.534,-162.786,-1465.991,OK,-191.609,-192.088,-1503.278
3,Port 0x01: JJH Probe  s/n:3E4C880C,935957650,1782824894.168690960,1,Too Few Markers,-3.697314E28,-3.697314E28,-3.697314E28,-3.697314E28,-3.697314E28,-3.697314E28,-3.697314E28,0.0000000,3,Missing,-3.697314E28,-3.697314E28,-3.697314E28,Missing,-3.697314E28,-3.697314E28,-3.697314E28,Missing,-3.697314E28,-3.697314E28,-3.697314E28,Port 0x02: JJH T tibia tracker  s/n:3E4C8800,935957650,1782824894.168690960,1,OK,0.8498189,-0.1348585,-0.1860126,0.4743630,-0.325,-98.421,-1545.269,0.1447568,3,OK,-0.298,-98.568,-1545.247,OK,51.000,-173.933,-1515.333,OK,-43.367,-175.201,-1562.113,Port 0x03: JJH Y femur tracker  s/n:3E4C8801,935957650,1782824894.168690960,1,OK,0.6465074,0.1546881,0.2207471,0.7137019,-200.358,-99.523,-1506.944,0.4570512,3,OK,-200.148,-98.956,-1507.145,OK,-262.492,-162.996,-1461.596,OK,-189.552,-192.174,-1500.870
3,Port 0x01: JJH Probe  s/n:3E4C880C,935957653,1782824894.218690960,1,Too Few Markers,-3.697314E28,-3.697314E28,-3.697314E28,-3.697314E28,-3.697314E28,-3.697314E28,-3.697314E28,0.0000000,3,Missing,-3.697314E28,-3.697314E28,-3.697314E28,Missing,-3.697314E28,-3.697314E28,-3.697314E28,Missing,-3.697314E28,-3.697314E28,-3.697314E28,Port 0x02: JJH T tibia tracker  s/n:3E4C8800,935957653,1782824894.218690960,1,OK,0.8492651,-0.1358519,-0.1860514,0.4750556,-0.440,-98.151,-1544.985,0.1394992,3,OK,-0.406,-98.294,-1544.960,OK,50.961,-173.529,-1514.839,OK,-43.372,-175.030,-1561.720,Port 0x03: JJH Y femur tracker  s/n:3E4C8801,935957653,1782824894.218690960,1,OK,0.6431224,0.1631061,0.2290152,0.7122795,-198.678,-99.649,-1504.645,0.4549522,3,OK,-198.466,-99.092,-1504.855,OK,-259.571,-163.216,-1457.741,OK,-187.552,-192.262,-1498.798
3,Port 0x01: JJH Probe  s/n:3E4C880C,935957656,1782824894.268690960,1,Too Few Markers,-3.697314E28,-3.697314E28,-3.697314E28,-3.697314E28,-3.697314E28,-3.697314E28,-3.697314E28,0.0000000,3,Missing,-3.697314E28,-3.697314E28,-3.697314E28,Missing,-3.697314E28,-3.697314E28,-3.697314E28,Missing,-3.697314E28,-3.697314E28,-3.697314E28,Port 0x02: JJH T tibia tracker  s/n:3E4C8800,935957656,1782824894.268690960,1,OK,0.8487344,-0.1383763,-0.1845461,0.4758619,-0.595,-97.695,-1544.004,0.1478280,3,OK,-0.545,-97.837,-1543.970,OK,50.836,-172.847,-1513.412,OK,-43.491,-174.712,-1560.257,Port 0x03: JJH Y femur tracker  s/n:3E4C8801,935957656,1782824894.268690960,1,OK,0.6401144,0.1702154,0.2370815,0.7106846,-197.226,-99.695,-1502.648,0.4693773,3,OK,-197.002,-99.129,-1502.876,OK,-256.966,-163.275,-1454.246,OK,-185.819,-192.271,-1496.861
3,Port 0x01: JJH Probe  s/n:3E4C880C,935957659,1782824894.318690960,1,Too Few Markers,-3.697314E28,-3.697314E28,-3.697314E28,-3.697314E28,-3.697314E28,-3.697314E28,-3.697314E28,0.0000000,3,Missing,-3.697314E28,-3.697314E28,-3.697314E28,Missing,-3.697314E28,-3.697314E28,-3.697314E28,Missing,-3.697314E28,-3.697314E28,-3.697314E28,Port 0x02: JJH T tibia tracker  s/n:3E4C8800,935957659,1782824894.318690960,1,OK,0.8484356,-0.1405425,-0.1833945,0.4762050,-0.958,-97.107,-1543.348,0.1327230,3,OK,-0.927,-97.241,-1543.322,OK,50.469,-172.136,-1512.364,OK,-43.872,-174.183,-1559.223,Port 0x03: JJH Y femur tracker  s/n:3E4C8801,935957659,1782824894.318690960,1,OK,0.6373742,0.1772832,0.2436014,0.7092130,-195.692,-99.690,-1500.565,0.4592749,3,OK,-195.481,-99.132,-1500.791,OK,-254.371,-163.319,-1450.979,OK,-184.097,-192.254,-1495.007
3,Port 0x01: JJH Probe  s/n:3E4C880C,935957662,1782824894.368690960,1,Too Few Markers,-3.697314E28,-3.697314E28,-3.697314E28,-3.697314E28,-3.697314E28,-3.697314E28,-3.697314E28,0.0000000,3,Missing,-3.697314E28,-3.697314E28,-3.697314E28,Missing,-3.697314E28,-3.697314E28,-3.697314E28,Missing,-3.697314E28,-3.697314E28,-3.697314E28,Port 0x02: JJH T tibia tracker  s/n:3E4C8800,935957662,1782824894.368690960,1,OK,0.8479685,-0.1403664,-0.1837633,0.4769463,-0.968,-96.691,-1543.206,0.1427456,3,OK,-0.927,-96.838,-1543.175,OK,50.580,-171.617,-1512.224,OK,-43.736,-173.844,-1559.121,Port 0x03: JJH Y femur tracker  s/n:3E4C8801,935957662,1782824894.368690960,1,OK,0.6342256,0.1847508,0.2514651,0.7073827,-194.026,-99.807,-1498.507,0.4561848,3,OK,-193.815,-99.261,-1498.742,OK,-251.488,-163.442,-1447.500,OK,-182.184,-192.333,-1493.091
3,Port 0x01: JJH Probe  s/n:3E4C880C,935957665,1782824894.418690960,1,Too Few Markers,-3.697314E28,-3.697314E28,-3.697314E28,-3.697314E28,-3.697314E28,-3.697314E28,-3.697314E28,0.0000000,3,Missing,-3.697314E28,-3.697314E28,-3.697314E28,Missing,-3.697314E28,-3.697314E28,-3.697314E28,Missing,-3.697314E28,-3.697314E28,-3.697314E28,Port 0x02: JJH T tibia tracker  s/n:3E4C8800,935957665,1782824894.418690960,1,OK,0.8461465,-0.1491167,-0.1799175,0.4789884,-0.761,-96.235,-1541.129,0.1297020,3,OK,-0.732,-96.385,-1541.101,OK,50.821,-170.495,-1508.558,OK,-43.445,-173.717,-1555.605,Port 0x03: JJH Y femur tracker  s/n:3E4C8801,935957665,1782824894.418690960,1,OK,0.6305079,0.1931328,0.2596788,0.7054973,-192.226,-99.848,-1496.319,0.4577609,3,OK,-192.018,-99.305,-1496.562,OK,-248.307,-163.549,-1443.857,OK,-180.088,-192.349,-1491.155
3,Port 0x01: JJH Probe  s/n:3E4C880C,935957668,1782824894.468690960,1,Too Few Markers,-3.697314E28,-3.697314E28,-3.697314E28,-3.697314E28,-3.697314E28,-3.697314E28,-3.697314E28,0.0000000,3,Missing,-3.697314E28,-3.697314E28,-3.697314E28,Missing,-3.697314E28,-3.697314E28,-3.697314E28,Missing,-3.697314E28,-3.697314E28,-3.697314E28,Port 0x02: JJH T tibia tracker  s/n:3E4C8800,935957668,1782824894.468690960,1,OK,0.8438980,-0.1599427,-0.1743165,0.4815270,-0.562,-95.440,-1538.344,0.1176514,3,OK,-0.560,-95.569,-1538.328,OK,51.061,-168.838,-1503.851,OK,-43.145,-173.290,-1550.889,Port 0x03: JJH Y femur tracker  s/n:3E4C8801,935957668,1782824894.468690960,1,OK,0.6268306,0.2013337,0.2678672,0.7034169,-190.344,-99.808,-1494.210,0.4598185,3,OK,-190.131,-99.270,-1494.466,OK,-245.027,-163.556,-1440.324,OK,-177.952,-192.268,-1489.265
3,Port 0x01: JJH Probe  s/n:3E4C880C,935957671,1782824894.518690960,1,Too Few Markers,-3.697314E28,-3.697314E28,-3.697314E28,-3.697314E28,-3.697314E28,-3.697314E28,-3.697314E28,0.0000000,3,Missing,-3.697314E28,-3.697314E28,-3.697314E28,Missing,-3.697314E28,-3.697314E28,-3.697314E28,Missing,-3.697314E28,-3.697314E28,-3.697314E28,Port 0x02: JJH T tibia tracker  s/n:3E4C8800,935957671,1782824894.518690960,1,OK,0.8420829,-0.1676484,-0.1704362,0.4834687,-0.542,-94.674,-1535.942,0.1178159,3,OK,-0.522,-94.808,-1535.914,OK,51.130,-167.365,-1500.091,OK,-43.046,-172.796,-1547.128,Port 0x03: JJH Y femur tracker  s/n:3E4C8801,935957671,1782824894.518690960,1,OK,0.6233866,0.2091986,0.2750385,0.7014121,-188.545,-99.925,-1492.253,0.4587014,3,OK,-188.336,-99.395,-1492.515,OK,-241.936,-163.730,-1437.137,OK,-175.944,-192.367,-1487.606
3,Port 0x01: JJH Probe  s/n:3E4C880C,935957674,1782824894.568690960,1,Too Few Markers,-3.697314E28,-3.697314E28,-3.697314E28,-3.697314E28,-3.697314E28,-3.697314E28,-3.697314E28,0.0000000,3,Missing,-3.697314E28,-3.697314E28,-3.697314E28,Missing,-3.697314E28,-3.697314E28,-3.697314E28,Missing,-3.697314E28,-3.697314E28,-3.697314E28,Port 0x02: JJH T tibia tracker  s/n:3E4C8800,935957674,1782824894.568690960,1,OK,0.8407849,-0.1722457,-0.1682566,0.4848731,-0.503,-94.063,-1534.606,0.1100745,3,OK,-0.487,-94.198,-1534.578,OK,51.258,-166.296,-1497.926,OK,-42.911,-172.353,-1544.991,Port 0x03: JJH Y femur tracker  s/n:3E4C8801,935957674,1782824894.568690960,1,OK,0.6202862,0.2157592,0.2814590,0.6996241,-186.979,-99.978,-1490.606,0.4485625,3,OK,-186.780,-99.460,-1490.866,OK,-239.197,-163.810,-1434.422,OK,-174.176,-192.398,-1486.164
3,Port 0x01: JJH Probe  s/n:3E4C880C,935957677,1782824894.618690960,1,Too Few Markers,-3.697314E28,-3.697314E28,-3.697314E28,-3.697314E28,-3.697314E28,-3.697314E28,-3.697314E28,0.0000000,3,Missing,-3.697314E28,-3.697314E28,-3.697314E28,Missing,-3.697314E28,-3.697314E28,-3.697314E28,Missing,-3.697314E28,-3.697314E28,-3.697314E28,Port 0x02: JJH T tibia tracker  s/n:3E4C8800,935957677,1782824894.618690960,1,OK,0.8395834,-0.1769990,-0.1654109,0.4862204,-0.613,-93.324,-1532.764,0.1101240,3,OK,-0.584,-93.453,-1532.729,OK,51.210,-165.074,-1495.264,OK,-42.961,-171.779,-1542.228,Port 0x03: JJH Y femur tracker  s/n:3E4C8801,935957677,1782824894.618690960,1,OK,0.6173055,0.2219467,0.2875380,0.6978507,-185.417,-100.034,-1489.045,0.4517334,3,OK,-185.221,-99.512,-1489.312,OK,-236.506,-163.898,-1431.864,OK,-172.435,-192.436,-1484.790
3,Port 0x01: JJH Probe  s/n:3E4C880C,935957680,1782824894.668690960,1,Too Few Markers,-3.697314E28,-3.697314E28,-3.697314E28,-3.697314E28,-3.697314E28,-3.697314E28,-3.697314E28,0.0000000,3,Missing,-3.697314E28,-3.697314E28,-3.697314E28,Missing,-3.697314E28,-3.697314E28,-3.697314E28,Missing,-3.697314E28,-3.697314E28,-3.697314E28,Port 0x02: JJH T tibia tracker  s/n:3E4C8800,935957680,1782824894.668690960,1,OK,0.8382826,-0.1818587,-0.1627675,0.4875618,-0.666,-92.569,-1530.845,0.1217382,3,OK,-0.627,-92.706,-1530.802,OK,51.204,-163.817,-1492.510,OK,-42.934,-171.174,-1539.405,Port 0x03: JJH Y femur tracker  s/n:3E4C8801,935957680,1782824894.668690960,1,OK,0.6142048,0.2279022,0.2938186,0.6960487,-183.898,-100.028,-1487.578,0.4516661,3,OK,-183.702,-99.510,-1487.854,OK,-233.814,-163.913,-1429.388,OK,-170.711,-192.394,-1483.462
3,Port 0x01: JJH Probe  s/n:3E4C880C,935957683,1782824894.718690960,1,Too Few Markers,-3.697314E28,-3.697314E28,-3.697314E28,-3.697314E28,-3.697314E28,-3.697314E28,-3.697314E28,0.0000000,3,Missing,-3.697314E28,-3.697314E28,-3.697314E28,Missing,-3.697314E28,-3.697314E28,-3.697314E28,Missing,-3.697314E28,-3.697314E28,-3.697314E28,Port 0x02: JJH T tibia tracker  s/n:3E4C8800,935957683,1782824894.718690960,1,OK,0.8362381,-0.1904424,-0.1576214,0.4894824,-0.642,-91.548,-1528.464,0.1219254,3,OK,-0.613,-91.694,-1528.422,OK,51.290,-161.959,-1488.666,OK,-42.868,-170.322,-1535.378,Port 0x03: JJH Y femur tracker  s/n:3E4C8801,935957683,1782824894.718690960,1,OK,0.6110346,0.2343211,0.2998533,0.6941313,-182.298,-100.064,-1486.075,0.4563529,3,OK,-182.098,-99.550,-1486.362,OK,-231.038,-163.997,-1426.919,OK,-168.937,-192.403,-1482.197
3,Port 0x01: JJH Probe  s/n:3E4C880C,935957686,1782824894.768690960,1,Too Few Markers,-3.697314E28,-3.697314E28,-3.697314E28,-3.697314E28,-3.697314E28,-3.697314E28,-3.697314E28,0.0000000,3,Missing,-3.697314E28,-3.697314E28,-3.697314E28,Missing,-3.697314E28,-3.697314E28,-3.697314E28,Missing,-3.697314E28,-3.697314E28,-3.697314E28,Port 0x02: JJH T tibia tracker  s/n:3E4C8800,935957686,1782824894.768690960,1,OK,0.8344092,-0.1976967,-0.1524451,0.4913632,-0.626,-90.470,-1526.369,0.1091901,3,OK,-0.616,-90.599,-1526.338,OK,51.428,-160.121,-1485.357,OK,-42.798,-169.381,-1531.749,Port 0x03: JJH Y femur tracker  s/n:3E4C8801,935957686,1782824894.768690960,1,OK,0.6079062,0.2405698,0.3059568,0.6920742,-180.632,-100.024,-1484.615,0.4451496,3,OK,-180.441,-99.524,-1484.902,OK,-228.175,-163.961,-1424.515,OK,-167.116,-192.338,-1480.936
3,Port 0x01: JJH Probe  s/n:3E4C880C,935957689,1782824894.818690960,1,Too Few Markers,-3.697314E28,-3.697314E28,-3.697314E28,-3.697314E28,-3.697314E28,-3.697314E28,-3.697314E28,0.0000000,3,Missing,-3.697314E28,-3.697314E28,-3.697314E28,Missing,-3.697314E28,-3.697314E28,-3.697314E28,Missing,-3.697314E28,-3.697314E28,-3.697314E28,Port 0x02: JJH T tibia tracker  s/n:3E4C8800,935957689,1782824894.818690960,1,OK,0.8322424,-0.2042712,-0.1490706,0.4933799,-0.673,-89.260,-1523.697,0.1180961,3,OK,-0.631,-89.400,-1523.645,OK,51.504,-158.111,-1481.562,OK,-42.705,-168.357,-1527.874,Port 0x03: JJH Y femur tracker  s/n:3E4C8801,935957689,1782824894.818690960,1,OK,0.6047719,0.2466226,0.3118186,0.6900706,-179.086,-100.070,-1483.261,0.4550454,3,OK,-178.893,-99.567,-1483.561,OK,-225.462,-164.036,-1422.253,OK,-165.408,-192.364,-1479.791
3,Port 0x01: JJH Probe  s/n:3E4C880C,935957692,1782824894.868690960,1,Too Few Markers,-3.697314E28,-3.697314E28,-3.697314E28,-3.697314E28,-3.697314E28,-3.697314E28,-3.697314E28,0.0000000,3,Missing,-3.697314E28,-3.697314E28,-3.697314E28,Missing,-3.697314E28,-3.697314E28,-3.697314E28,Missing,-3.697314E28,-3.697314E28,-3.697314E28,Port 0x02: JJH T tibia tracker  s/n:3E4C8800,935957692,1782824894.868690960,1,OK,0.8295467,-0.2127875,-0.1449105,0.4955549,-0.579,-87.991,-1521.129,0.1115963,3,OK,-0.547,-88.134,-1521.078,OK,51.715,-155.879,-1477.533,OK,-42.472,-167.235,-1523.795,Port 0x03: JJH Y femur tracker  s/n:3E4C8801,935957692,1782824894.868690960,1,OK,0.6019293,0.2522107,0.3166282,0.6883440,-177.592,-100.095,-1481.959,0.4315366,3,OK,-177.415,-99.613,-1482.245,OK,-222.913,-164.107,-1420.260,OK,-163.799,-192.373,-1478.747
3,Port 0x01: JJH Probe  s/n:3E4C880C,935957695,1782824894.918690960,1,Too Few Markers,-3.697314E28,-3.697314E28,-3.697314E28,-3.697314E28,-3.697314E28,-3.697314E28,-3.697314E28,0.0000000,3,Missing,-3.697314E28,-3.697314E28,-3.697314E28,Missing,-3.697314E28,-3.697314E28,-3.697314E28,Missing,-3.697314E28,-3.697314E28,-3.697314E28,Port 0x02: JJH T tibia tracker  s/n:3E4C8800,935957695,1782824894.918690960,1,OK,0.8270029,-0.2199837,-0.1404905,0.4979315,-0.425,-86.674,-1518.598,0.1234950,3,OK,-0.381,-86.827,-1518.535,OK,52.048,-153.618,-1473.815,OK,-42.122,-166.061,-1519.808,Port 0x03: JJH Y femur tracker  s/n:3E4C8801,935957695,1782824894.918690960,1,OK,0.5990631,0.2572399,0.3219596,0.6865079,-176.069,-100.163,-1480.712,0.4288215,3,OK,-175.895,-99.683,-1481.004,OK,-220.296,-164.179,-1418.245,OK,-162.130,-192.407,-1477.613
3,Port 0x01: JJH Probe  s/n:3E4C880C,935957698,1782824894.968690955,1,Too Few Markers,-3.697314E28,-3.697314E28,-3.697314E28,-3.697314E28,-3.697314E28,-3.697314E28,-3.697314E28,0.0000000,3,Missing,-3.697314E28,-3.697314E28,-3.697314E28,Missing,-3.697314E28,-3.697314E28,-3.697314E28,Missing,-3.697314E28,-3.697314E28,-3.697314E28,Port 0x02: JJH T tibia tracker  s/n:3E4C8800,935957698,1782824894.968690955,1,OK,0.8241624,-0.2272581,-0.1368822,0.5003732,-0.193,-85.330,-1516.404,0.1128776,3,OK,-0.161,-85.474,-1516.348,OK,52.482,-151.317,-1470.383,OK,-41.651,-164.859,-1516.271,Port 0x03: JJH Y femur tracker  s/n:3E4C8801,935957698,1782824894.968690955,1,OK,0.5961364,0.2624419,0.3272559,0.6845795,-174.615,-100.165,-1479.513,0.4291535,3,OK,-174.440,-99.696,-1479.814,OK,-217.754,-164.182,-1416.269,OK,-160.522,-192.378,-1476.580
3,Port 0x01: JJH Probe  s/n:3E4C880C,935957701,1782824895.018690955,1,Too Few Markers,-3.697314E28,-3.697314E28,-3.697314E28,-3.697314E28,-3.697314E28,-3.697314E28,-3.697314E28,0.0000000,3,Missing,-3.697314E28,-3.697314E28,-3.697314E28,Missing,-3.697314E28,-3.697314E28,-3.697314E28,Missing,-3.697314E28,-3.697314E28,-3.697314E28,Port 0x02: JJH T tibia tracker  s/n:3E4C8800,935957701,1782824895.018690955,1,OK,0.8217489,-0.2330039,-0.1336805,0.5025609,0.048,-83.995,-1514.598,0.1142752,3,OK,0.081,-84.140,-1514.539,OK,52.908,-149.155,-1467.629,OK,-41.169,-163.636,-1513.326,Port 0x03: JJH Y femur tracker  s/n:3E4C8801,935957701,1782824895.018690955,1,OK,0.5939430,0.2668897,0.3309766,0.6829759,-173.371,-100.037,-1478.545,0.4126866,3,OK,-173.212,-99.575,-1478.831,OK,-215.674,-164.063,-1414.794,OK,-159.231,-192.257,-1475.817
3,Port 0x01: JJH Probe  s/n:3E4C880C,935957704,1782824895.068690955,1,Too Few Markers,-3.697314E28,-3.697314E28,-3.697314E28,-3.697314E28,-3.697314E28,-3.697314E28,-3.697314E28,0.0000000,3,Missing,-3.697314E28,-3.697314E28,-3.697314E28,Missing,-3.697314E28,-3.697314E28,-3.697314E28,Missing,-3.697314E28,-3.697314E28,-3.697314E28,Port 0x02: JJH T tibia tracker  s/n:3E4C8800,935957704,1782824895.068690955,1,OK,0.8203774,-0.2351243,-0.1326238,0.5040917,0.284,-83.405,-1513.797,0.1182176,3,OK,0.324,-83.551,-1513.732,OK,53.331,-148.144,-1466.461,OK,-40.717,-163.159,-1512.085,Port 0x03: JJH Y femur tracker  s/n:3E4C8801,935957704,1782824895.068690955,1,OK,0.5926303,0.2692258,0.3333245,0.6820568,-172.712,-100.093,-1478.093,0.4191561,3,OK,-172.550,-99.629,-1478.387,OK,-214.528,-164.121,-1414.000,OK,-158.512,-192.303,-1475.441
3,Port 0x01: JJH Probe  s/n:3E4C880C,935957707,1782824895.118690955,1,Too Few Markers,-3.697314E28,-3.697314E28,-3.697314E28,-3.697314E28,-3.697314E28,-3.697314E28,-3.697314E28,0.0000000,3,Missing,-3.697314E28,-3.697314E28,-3.697314E28,Missing,-3.697314E28,-3.697314E28,-3.697314E28,Missing,-3.697314E28,-3.697314E28,-3.697314E28,Port 0x02: JJH T tibia tracker  s/n:3E4C8800,935957707,1782824895.118690955,1,OK,0.8204217,-0.2336649,-0.1336873,0.5044171,0.414,-83.478,-1514.048,0.1238178,3,OK,0.459,-83.630,-1513.980,OK,53.535,-148.300,-1466.934,OK,-40.473,-163.294,-1512.610,Port 0x03: JJH Y femur tracker  s/n:3E4C8801,935957707,1782824895.118690955,1,OK,0.5925369,0.2694054,0.3334063,0.6820272,-172.667,-100.109,-1477.960,0.4096581,3,OK,-172.512,-99.652,-1478.245,OK,-214.452,-164.135,-1413.865,OK,-158.461,-192.323,-1475.330
3,Port 0x01: JJH Probe  s/n:3E4C880C,935957710,1782824895.168690955,1,Too Few Markers,-3.697314E28,-3.697314E28,-3.697314E28,-3.697314E28,-3.697314E28,-3.697314E28,-3.697314E28,0.0000000,3,Missing,-3.697314E28,-3.697314E28,-3.697314E28,Missing,-3.697314E28,-3.697314E28,-3.697314E28,Missing,-3.697314E28,-3.697314E28,-3.697314E28,Port 0x02: JJH T tibia tracker  s/n:3E4C8800,935957710,1782824895.168690955,1,OK,0.8208384,-0.2318809,-0.1345884,0.5043228,0.455,-83.542,-1514.431,0.1320949,3,OK,0.509,-83.700,-1514.357,OK,53.605,-148.528,-1467.609,OK,-40.406,-163.379,-1513.299,Port 0x03: JJH Y femur tracker  s/n:3E4C8801,935957710,1782824895.168690955,1,OK,0.5934403,0.2675129,0.3319394,0.6827018,-173.172,-99.994,-1478.402,0.4186723,3,OK,-173.006,-99.535,-1478.697,OK,-215.298,-164.016,-1414.501,OK,-158.980,-192.196,-1475.669
3,Port 0x01: JJH Probe  s/n:3E4C880C,935957713,1782824895.218690955,1,Too Few Markers,-3.697314E28,-3.697314E28,-3.697314E28,-3.697314E28,-3.697314E28,-3.697314E28,-3.697314E28,0.0000000,3,Missing,-3.697314E28,-3.697314E28,-3.697314E28,Missing,-3.697314E28,-3.697314E28,-3.697314E28,Missing,-3.697314E28,-3.697314E28,-3.697314E28,Port 0x02: JJH T tibia tracker  s/n:3E4C8800,935957713,1782824895.218690955,1,OK,0.8225244,-0.2261917,-0.1380531,0.5032219,0.448,-84.470,-1516.362,0.1139483,3,OK,0.488,-84.611,-1516.302,OK,53.581,-150.139,-1470.439,OK,-40.437,-164.300,-1516.339,Port 0x03: JJH Y femur tracker  s/n:3E4C8801,935957713,1782824895.218690955,1,OK,0.5955481,0.2637162,0.3285824,0.6839663,-174.221,-99.977,-1479.224,0.4212864,3,OK,-174.053,-99.509,-1479.518,OK,-217.094,-163.964,-1415.800,OK,-160.133,-192.190,-1476.300
3,Port 0x01: JJH Probe  s/n:3E4C880C,935957716,1782824895.268690955,1,Too Few Markers,-3.697314E28,-3.697314E28,-3.697314E28,-3.697314E28,-3.697314E28,-3.697314E28,-3.697314E28,0.0000000,3,Missing,-3.697314E28,-3.697314E28,-3.697314E28,Missing,-3.697314E28,-3.697314E28,-3.697314E28,Missing,-3.697314E28,-3.697314E28,-3.697314E28,Port 0x02: JJH T tibia tracker  s/n:3E4C8800,935957716,1782824895.268690955,1,OK,0.8251382,-0.2173247,-0.1433637,0.5013620,0.466,-85.831,-1518.967,0.1190422,3,OK,0.502,-85.983,-1518.910,OK,53.555,-152.520,-1474.474,OK,-40.489,-165.600,-1520.670,Port 0x03: JJH Y femur tracker  s/n:3E4C8801,935957716,1782824895.268690955,1,OK,0.5984046,0.2586304,0.3237216,0.6857307,-175.709,-99.965,-1480.352,0.4332503,3,OK,-175.533,-99.485,-1480.649,OK,-219.644,-163.924,-1417.601,OK,-161.750,-192.205,-1477.243
3,Port 0x01: JJH Probe  s/n:3E4C880C,935957719,1782824895.318690955,1,Too Few Markers,-3.697314E28,-3.697314E28,-3.697314E28,-3.697314E28,-3.697314E28,-3.697314E28,-3.697314E28,0.0000000,3,Missing,-3.697314E28,-3.697314E28,-3.697314E28,Missing,-3.697314E28,-3.697314E28,-3.697314E28,Missing,-3.697314E28,-3.697314E28,-3.697314E28,Port 0x02: JJH T tibia tracker  s/n:3E4C8800,935957719,1782824895.318690955,1,OK,0.8286062,-0.2046980,-0.1505445,0.4988455,0.406,-87.463,-1522.619,0.1039870,3,OK,0.434,-87.596,-1522.575,OK,53.438,-155.535,-1480.214,OK,-40.585,-167.110,-1526.687,Port 0x03: JJH Y femur tracker  s/n:3E4C8801,935957719,1782824895.318690955,1,OK,0.6020797,0.2517226,0.3170775,0.6881842,-177.525,-99.947,-1481.828,0.4287424,3,OK,-177.352,-99.457,-1482.113,OK,-222.814,-163.891,-1420.080,OK,-163.747,-192.216,-1478.457
3,Port 0x01: JJH Probe  s/n:3E4C880C,935957722,1782824895.368690955,1,Too Few Markers,-3.697314E28,-3.697314E28,-3.697314E28,-3.697314E28,-3.697314E28,-3.697314E28,-3.697314E28,0.0000000,3,Missing,-3.697314E28,-3.697314E28,-3.697314E28,Missing,-3.697314E28,-3.697314E28,-3.697314E28,Missing,-3.697314E28,-3.697314E28,-3.697314E28,Port 0x02: JJH T tibia tracker  s/n:3E4C8800,935957722,1782824895.368690955,1,OK,0.8314640,-0.1929014,-0.1576065,0.4966053,0.393,-88.715,-1525.943,0.1126368,3,OK,0.407,-88.852,-1525.911,OK,53.392,-157.985,-1485.503,OK,-40.568,-168.192,-1532.257,Port 0x03: JJH Y femur tracker  s/n:3E4C8801,935957722,1782824895.368690955,1,OK,0.6060592,0.2442622,0.3101780,0.6905199,-179.700,-99.944,-1483.666,0.4495355,3,OK,-179.504,-99.450,-1483.964,OK,-226.490,-163.826,-1422.893,OK,-166.100,-192.233,-1480.021
3,Port 0x01: JJH Probe  s/n:3E4C880C,935957725,1782824895.418690955,1,Too Few Markers,-3.697314E28,-3.697314E28,-3.697314E28,-3.697314E28,-3.697314E28,-3.697314E28,-3.697314E28,0.0000000,3,Missing,-3.697314E28,-3.697314E28,-3.697314E28,Missing,-3.697314E28,-3.697314E28,-3.697314E28,Missing,-3.697314E28,-3.697314E28,-3.697314E28,Port 0x02: JJH T tibia tracker  s/n:3E4C8800,935957725,1782824895.418690955,1,OK,0.8335863,-0.1789408,-0.1656099,0.4956687,0.781,-89.687,-1529.725,0.1044206,3,OK,0.779,-89.818,-1529.706,OK,54.096,-160.037,-1491.574,OK,-39.882,-169.068,-1538.568,Port 0x03: JJH Y femur tracker  s/n:3E4C8801,935957725,1782824895.418690955,1,OK,0.6107447,0.2354957,0.3013897,0.6933231,-182.041,-99.907,-1485.648,0.4460880,3,OK,-181.847,-99.407,-1485.931,OK,-230.578,-163.740,-1426.229,OK,-168.713,-192.244,-1481.733
3,Port 0x01: JJH Probe  s/n:3E4C880C,935957728,1782824895.468690955,1,Too Few Markers,-3.697314E28,-3.697314E28,-3.697314E28,-3.697314E28,-3.697314E28,-3.697314E28,-3.697314E28,0.0000000,3,Missing,-3.697314E28,-3.697314E28,-3.697314E28,Missing,-3.697314E28,-3.697314E28,-3.697314E28,Missing,-3.697314E28,-3.697314E28,-3.697314E28,Port 0x02: JJH T tibia tracker  s/n:3E4C8800,935957728,1782824895.468690955,1,OK,0.8344255,-0.1650413,-0.1743558,0.4960802,1.580,-90.151,-1533.387,0.1084219,3,OK,1.579,-90.283,-1533.373,OK,55.408,-161.281,-1497.485,OK,-38.468,-169.513,-1544.781,Port 0x03: JJH Y femur tracker  s/n:3E4C8801,935957728,1782824895.468690955,1,OK,0.6156636,0.2251875,0.2919879,0.6964137,-184.570,-99.829,-1488.132,0.4511105,3,OK,-184.369,-99.312,-1488.410,OK,-234.941,-163.607,-1430.222,OK,-171.497,-192.192,-1483.802
3,Port 0x01: JJH Probe  s/n:3E4C880C,935957731,1782824895.518690955,1,Too Few Markers,-3.697314E28,-3.697314E28,-3.697314E28,-3.697314E28,-3.697314E28,-3.697314E28,-3.697314E28,0.0000000,3,Missing,-3.697314E28,-3.697314E28,-3.697314E28,Missing,-3.697314E28,-3.697314E28,-3.697314E28,Missing,-3.697314E28,-3.697314E28,-3.697314E28,Port 0x02: JJH T tibia tracker  s/n:3E4C8800,935957731,1782824895.518690955,1,OK,0.8362147,-0.1474328,-0.1847629,0.4948447,2.162,-90.825,-1537.695,0.1245917,3,OK,2.187,-90.947,-1537.673,OK,56.364,-163.034,-1504.756,OK,-37.412,-169.909,-1552.290,Port 0x03: JJH Y femur tracker  s/n:3E4C8801,935957731,1782824895.518690955,1,OK,0.6207244,0.2150564,0.2814680,0.6994481,-187.124,-99.640,-1490.625,0.4501966,3,OK,-186.927,-99.117,-1490.885,OK,-239.429,-163.385,-1434.430,OK,-174.370,-192.065,-1486.056
3,Port 0x01: JJH Probe  s/n:3E4C880C,935957734,1782824895.568690955,1,Too Few Markers,-3.697314E28,-3.697314E28,-3.697314E28,-3.697314E28,-3.697314E28,-3.697314E28,-3.697314E28,0.0000000,3,Missing,-3.697314E28,-3.697314E28,-3.697314E28,Missing,-3.697314E28,-3.697314E28,-3.697314E28,Missing,-3.697314E28,-3.697314E28,-3.697314E28,Port 0x02: JJH T tibia tracker  s/n:3E4C8800,935957734,1782824895.568690955,1,OK,0.8391826,-0.1328868,-0.1915243,0.4913574,2.010,-91.941,-1541.784,0.1409859,3,OK,2.035,-92.072,-1541.767,OK,56.191,-165.274,-1511.442,OK,-37.705,-170.438,-1558.860,Port 0x03: JJH Y femur tracker  s/n:3E4C8801,935957734,1782824895.568690955,1,OK,0.6258760,0.2040245,0.2706700,0.7024179,-189.748,-99.632,-1493.410,0.4548153,3,OK,-189.544,-99.093,-1493.663,OK,-243.987,-163.325,-1439.042,OK,-177.342,-192.095,-1488.495
3,Port 0x01: JJH Probe  s/n:3E4C880C,935957737,1782824895.618690955,1,Too Few Markers,-3.697314E28,-3.697314E28,-3.697314E28,-3.697314E28,-3.697314E28,-3.697314E28,-3.697314E28,0.0000000,3,Missing,-3.697314E28,-3.697314E28,-3.697314E28,Missing,-3.697314E28,-3.697314E28,-3.697314E28,Missing,-3.697314E28,-3.697314E28,-3.697314E28,Port 0x02: JJH T tibia tracker  s/n:3E4C8800,935957737,1782824895.618690955,1,OK,0.8419293,-0.1188348,-0.1976250,0.4878296,1.791,-92.807,-1545.492,0.1663410,3,OK,1.828,-92.934,-1545.473,OK,55.918,-167.141,-1517.708,OK,-38.089,-170.673,-1564.882,Port 0x03: JJH Y femur tracker  s/n:3E4C8801,935957737,1782824895.618690955,1,OK,0.6308579,0.1929865,0.2601801,0.7050396,-192.324,-99.551,-1496.399,0.4666664,3,OK,-192.104,-99.002,-1496.652,OK,-248.438,-163.155,-1443.827,OK,-180.265,-192.046,-1491.119
3,Port 0x01: JJH Probe  s/n:3E4C880C,935957740,1782824895.668690955,1,Too Few Markers,-3.697314E28,-3.697314E28,-3.697314E28,-3.697314E28,-3.697314E28,-3.697314E28,-3.697314E28,0.0000000,3,Missing,-3.697314E28,-3.697314E28,-3.697314E28,Missing,-3.697314E28,-3.697314E28,-3.697314E28,Missing,-3.697314E28,-3.697314E28,-3.697314E28,Port 0x02: JJH T tibia tracker  s/n:3E4C8800,935957740,1782824895.668690955,1,OK,0.8437982,-0.1083174,-0.2031063,0.4847885,1.530,-93.414,-1548.311,0.1647000,3,OK,1.582,-93.550,-1548.287,OK,55.578,-168.475,-1522.426,OK,-38.506,-170.726,-1569.585,Port 0x03: JJH Y femur tracker  s/n:3E4C8801,935957740,1782824895.668690955,1,OK,0.6358757,0.1816837,0.2485279,0.7077337,-194.802,-99.388,-1499.274,0.4445280,3,OK,-194.601,-98.848,-1499.496,OK,-252.798,-162.918,-1448.789,OK,-183.142,-191.936,-1493.734
3,Port 0x01: JJH Probe  s/n:3E4C880C,935957743,1782824895.718690955,1,Too Few Markers,-3.697314E28,-3.697314E28,-3.697314E28,-3.697314E28,-3.697314E28,-3.697314E28,-3.697314E28,0.0000000,3,Missing,-3.697314E28,-3.697314E28,-3.697314E28,Missing,-3.697314E28,-3.697314E28,-3.697314E28,Missing,-3.697314E28,-3.697314E28,-3.697314E28,Port 0x02: JJH T tibia tracker  s/n:3E4C8800,935957743,1782824895.718690955,1,OK,0.8455749,-0.0978802,-0.2076835,0.4819648,1.297,-94.048,-1550.667,0.1813678,3,OK,1.382,-94.182,-1550.630,OK,55.288,-169.740,-1526.708,OK,-38.899,-170.817,-1573.663,Port 0x03: JJH Y femur tracker  s/n:3E4C8801,935957743,1782824895.718690955,1,OK,0.6404722,0.1704790,0.2379528,0.7100075,-197.132,-99.375,-1502.356,0.4603103,3,OK,-196.917,-98.814,-1502.579,OK,-256.854,-162.814,-1453.789,OK,-185.838,-191.956,-1496.456
3,Port 0x01: JJH Probe  s/n:3E4C880C,935957746,1782824895.768690955,1,Too Few Markers,-3.697314E28,-3.697314E28,-3.697314E28,-3.697314E28,-3.697314E28,-3.697314E28,-3.697314E28,0.0000000,3,Missing,-3.697314E28,-3.697314E28,-3.697314E28,Missing,-3.697314E28,-3.697314E28,-3.697314E28,Missing,-3.697314E28,-3.697314E28,-3.697314E28,Port 0x02: JJH T tibia tracker  s/n:3E4C8800,935957746,1782824895.768690955,1,OK,0.8473627,-0.0906236,-0.2104096,0.4790528,0.974,-94.488,-1552.929,0.1950224,3,OK,1.034,-94.628,-1552.907,OK,54.773,-170.748,-1530.368,OK,-39.477,-170.721,-1577.059,Port 0x03: JJH Y femur tracker  s/n:3E4C8801,935957746,1782824895.768690955,1,OK,0.6448556,0.1595007,0.2268714,0.7122150,-199.356,-99.192,-1505.391,0.4640000,3,OK,-199.146,-98.616,-1505.600,OK,-260.739,-162.563,-1458.888,OK,-188.441,-191.826,-1499.238
3,Port 0x01: JJH Probe  s/n:3E4C880C,935957749,1782824895.818690955,1,Too Few Markers,-3.697314E28,-3.697314E28,-3.697314E28,-3.697314E28,-3.697314E28,-3.697314E28,-3.697314E28,0.0000000,3,Missing,-3.697314E28,-3.697314E28,-3.697314E28,Missing,-3.697314E28,-3.697314E28,-3.697314E28,Missing,-3.697314E28,-3.697314E28,-3.697314E28,Port 0x02: JJH T tibia tracker  s/n:3E4C8800,935957749,1782824895.818690955,1,OK,0.8486305,-0.0814719,-0.2151361,0.4763456,0.831,-94.944,-1555.201,0.1895496,3,OK,0.919,-95.062,-1555.167,OK,54.560,-171.715,-1534.321,OK,-39.749,-170.634,-1580.940,Port 0x03: JJH Y femur tracker  s/n:3E4C8801,935957749,1782824895.818690955,1,OK,0.6487802,0.1491535,0.2164846,0.7141231,-201.392,-99.134,-1508.419,0.4572257,3,OK,-201.184,-98.564,-1508.614,OK,-264.273,-162.432,-1463.883,OK,-190.822,-191.801,-1502.040
3,Port 0x01: JJH Probe  s/n:3E4C880C,935957752,1782824895.868690955,1,Too Few Markers,-3.697314E28,-3.697314E28,-3.697314E28,-3.697314E28,-3.697314E28,-3.697314E28,-3.697314E28,0.0000000,3,Missing,-3.697314E28,-3.697314E28,-3.697314E28,Missing,-3.697314E28,-3.697314E28,-3.697314E28,Missing,-3.697314E28,-3.697314E28,-3.697314E28,Port 0x02: JJH T tibia tracker  s/n:3E4C8800,935957752,1782824895.868690955,1,OK,0.8500252,-0.0753567,-0.2174500,0.4738079,0.561,-95.344,-1556.971,0.1998304,3,OK,0.655,-95.476,-1556.937,OK,54.123,-172.527,-1537.276,OK,-40.270,-170.559,-1583.672,Port 0x03: JJH Y femur tracker  s/n:3E4C8801,935957752,1782824895.868690955,1,OK,0.6527086,0.1378312,0.2061596,0.7158717,-203.381,-99.000,-1511.509,0.4661698,3,OK,-203.166,-98.413,-1511.701,OK,-267.727,-162.194,-1468.981,OK,-193.175,-191.689,-1504.758
3,Port 0x01: JJH Probe  s/n:3E4C880C,935957755,1782824895.918690955,1,Too Few Markers,-3.697314E28,-3.697314E28,-3.697314E28,-3.697314E28,-3.697314E28,-3.697314E28,-3.697314E28,0.0000000,3,Missing,-3.697314E28,-3.697314E28,-3.697314E28,Missing,-3.697314E28,-3.697314E28,-3.697314E28,Missing,-3.697314E28,-3.697314E28,-3.697314E28,Port 0x02: JJH T tibia tracker  s/n:3E4C8800,935957755,1782824895.918690955,1,OK,0.8512788,-0.0706104,-0.2196867,0.4712498,0.119,-95.923,-1558.172,0.1988566,3,OK,0.223,-96.056,-1558.134,OK,53.458,-173.486,-1539.409,OK,-40.984,-170.706,-1585.707,Port 0x03: JJH Y femur tracker  s/n:3E4C8801,935957755,1782824895.918690955,1,OK,0.6567690,0.1272467,0.1951699,0.7171969,-205.328,-98.937,-1514.747,0.4684007,3,OK,-205.116,-98.342,-1514.926,OK,-271.149,-161.998,-1474.361,OK,-195.589,-191.681,-1507.806
3,Port 0x01: JJH Probe  s/n:3E4C880C,935957758,1782824895.968690957,1,Too Few Markers,-3.697314E28,-3.697314E28,-3.697314E28,-3.697314E28,-3.697314E28,-3.697314E28,-3.697314E28,0.0000000,3,Missing,-3.697314E28,-3.697314E28,-3.697314E28,Missing,-3.697314E28,-3.697314E28,-3.697314E28,Missing,-3.697314E28,-3.697314E28,-3.697314E28,Port 0x02: JJH T tibia tracker  s/n:3E4C8800,935957758,1782824895.968690957,1,OK,0.8522934,-0.0647675,-0.2224324,0.4689616,-0.128,-96.316,-1559.484,0.2076314,3,OK,0.001,-96.429,-1559.433,OK,53.068,-174.219,-1541.841,OK,-41.412,-170.671,-1588.010,Port 0x03: JJH Y femur tracker  s/n:3E4C8801,935957758,1782824895.968690957,1,OK,0.6603541,0.1157678,0.1835001,0.7189284,-207.171,-98.815,-1518.139,0.4668241,3,OK,-206.970,-98.213,-1518.304,OK,-274.366,-161.835,-1480.096,OK,-197.810,-191.597,-1511.000
3,Port 0x01: JJH Probe  s/n:3E4C880C,935957761,1782824896.018690958,1,Too Few Markers,-3.697314E28,-3.697314E28,-3.697314E28,-3.697314E28,-3.697314E28,-3.697314E28,-3.697314E28,0.0000000,3,Missing,-3.697314E28,-3.697314E28,-3.697314E28,Missing,-3.697314E28,-3.697314E28,-3.697314E28,Missing,-3.697314E28,-3.697314E28,-3.697314E28,Port 0x02: JJH T tibia tracker  s/n:3E4C8800,935957761,1782824896.018690958,1,OK,0.8532741,-0.0581528,-0.2249451,0.4668418,-0.106,-96.606,-1561.615,0.2133285,3,OK,0.020,-96.717,-1561.567,OK,53.015,-174.828,-1545.236,OK,-41.531,-170.481,-1591.138,Port 0x03: JJH Y femur tracker  s/n:3E4C8801,935957761,1782824896.018690958,1,OK,0.6638946,0.1048448,0.1718574,0.7202198,-208.926,-98.696,-1521.602,0.4638783,3,OK,-208.727,-98.095,-1521.755,OK,-277.453,-161.638,-1485.903,OK,-199.986,-191.520,-1514.348
3,Port 0x01: JJH Probe  s/n:3E4C880C,935957764,1782824896.068690958,1,Too Few Markers,-3.697314E28,-3.697314E28,-3.697314E28,-3.697314E28,-3.697314E28,-3.697314E28,-3.697314E28,0.0000000,3,Missing,-3.697314E28,-3.697314E28,-3.697314E28,Missing,-3.697314E28,-3.697314E28,-3.697314E28,Missing,-3.697314E28,-3.697314E28,-3.697314E28,Port 0x02: JJH T tibia tracker  s/n:3E4C8800,935957764,1782824896.068690958,1,OK,0.8540131,-0.0527790,-0.2268147,0.4652216,-0.091,-96.782,-1563.188,0.2239307,3,OK,0.016,-96.929,-1563.156,OK,52.991,-175.233,-1547.836,OK,-41.609,-170.237,-1593.476,Port 0x03: JJH Y femur tracker  s/n:3E4C8801,935957764,1782824896.068690958,1,OK,0.6673844,0.0922892,0.1596921,0.7215117,-210.620,-98.536,-1525.288,0.4589243,3,OK,-210.436,-97.934,-1525.425,OK,-280.444,-161.376,-1492.108,OK,-202.096,-191.392,-1517.769
3,Port 0x01: JJH Probe  s/n:3E4C880C,935957767,1782824896.118690957,1,Too Few Markers,-3.697314E28,-3.697314E28,-3.697314E28,-3.697314E28,-3.697314E28,-3.697314E28,-3.697314E28,0.0000000,3,Missing,-3.697314E28,-3.697314E28,-3.697314E28,Missing,-3.697314E28,-3.697314E28,-3.697314E28,Missing,-3.697314E28,-3.697314E28,-3.697314E28,Port 0x02: JJH T tibia tracker  s/n:3E4C8800,935957767,1782824896.118690957,1,OK,0.8544706,-0.0491889,-0.2290252,0.4636894,-0.086,-97.000,-1564.446,0.1941164,3,OK,0.005,-97.144,-1564.422,OK,52.937,-175.664,-1549.758,OK,-41.702,-170.120,-1595.415,Port 0x03: JJH Y femur tracker  s/n:3E4C8801,935957767,1782824896.118690957,1,OK,0.6706632,0.0799646,0.1477711,0.7224820,-212.230,-98.430,-1529.124,0.4716362,3,OK,-212.043,-97.809,-1529.256,OK,-283.266,-161.170,-1498.436,OK,-204.141,-191.318,-1521.352
3,Port 0x01: JJH Probe  s/n:3E4C880C,935957770,1782824896.168690957,1,Too Few Markers,-3.697314E28,-3.697314E28,-3.697314E28,-3.697314E28,-3.697314E28,-3.697314E28,-3.697314E28,0.0000000,3,Missing,-3.697314E28,-3.697314E28,-3.697314E28,Missing,-3.697314E28,-3.697314E28,-3.697314E28,Missing,-3.697314E28,-3.697314E28,-3.697314E28,Port 0x02: JJH T tibia tracker  s/n:3E4C8800,935957770,1782824896.168690957,1,OK,0.8546161,-0.0463758,-0.2301853,0.4631364,-0.059,-97.085,-1564.590,0.2029739,3,OK,0.062,-97.220,-1564.552,OK,52.989,-175.801,-1550.422,OK,-41.692,-170.056,-1595.996,Port 0x03: JJH Y femur tracker  s/n:3E4C8801,935957770,1782824896.168690957,1,OK,0.6735779,0.0676058,0.1350089,0.7235294,-213.710,-98.351,-1533.045,0.4660036,3,OK,-213.538,-97.734,-1533.163,OK,-285.863,-161.037,-1505.049,OK,-206.008,-191.277,-1525.148
3,Port 0x01: JJH Probe  s/n:3E4C880C,935957773,1782824896.218690957,1,Too Few Markers,-3.697314E28,-3.697314E28,-3.697314E28,-3.697314E28,-3.697314E28,-3.697314E28,-3.697314E28,0.0000000,3,Missing,-3.697314E28,-3.697314E28,-3.697314E28,Missing,-3.697314E28,-3.697314E28,-3.697314E28,Missing,-3.697314E28,-3.697314E28,-3.697314E28,Port 0x02: JJH T tibia tracker  s/n:3E4C8800,935957773,1782824896.218690957,1,OK,0.8545778,-0.0485563,-0.2282691,0.4639314,0.040,-97.065,-1563.778,0.1982655,3,OK,0.149,-97.198,-1563.744,OK,53.125,-175.695,-1549.217,OK,-41.609,-170.219,-1594.694,Port 0x03: JJH Y femur tracker  s/n:3E4C8801,935957773,1782824896.218690957,1,OK,0.6760592,0.0545655,0.1226261,0.7245201,-215.068,-98.390,-1537.163,0.4760017,3,OK,-214.898,-97.758,-1537.274,OK,-288.198,-161.054,-1511.831,OK,-207.706,-191.338,-1529.014
3,Port 0x01: JJH Probe  s/n:3E4C880C,935957776,1782824896.268690958,1,Too Few Markers,-3.697314E28,-3.697314E28,-3.697314E28,-3.697314E28,-3.697314E28,-3.697314E28,-3.697314E28,0.0000000,3,Missing,-3.697314E28,-3.697314E28,-3.697314E28,Missing,-3.697314E28,-3.697314E28,-3.697314E28,Missing,-3.697314E28,-3.697314E28,-3.697314E28,Port 0x02: JJH T tibia tracker  s/n:3E4C8800,935957776,1782824896.268690958,1,OK,0.8545110,-0.0503824,-0.2262770,0.4648346,0.185,-96.967,-1562.486,0.2217841,3,OK,0.296,-97.092,-1562.450,OK,53.305,-175.487,-1547.615,OK,-41.440,-170.318,-1592.918,Port 0x03: JJH Y femur tracker  s/n:3E4C8801,935957776,1782824896.268690958,1,OK,0.6785213,0.0408156,0.1091720,0.7252754,-216.276,-98.334,-1541.332,0.4768924,3,OK,-216.111,-97.699,-1541.434,OK,-290.360,-160.963,-1518.912,OK,-209.297,-191.301,-1532.979
3,Port 0x01: JJH Probe  s/n:3E4C880C,935957779,1782824896.318690958,1,Too Few Markers,-3.697314E28,-3.697314E28,-3.697314E28,-3.697314E28,-3.697314E28,-3.697314E28,-3.697314E28,0.0000000,3,Missing,-3.697314E28,-3.697314E28,-3.697314E28,Missing,-3.697314E28,-3.697314E28,-3.697314E28,Missing,-3.697314E28,-3.697314E28,-3.697314E28,Port 0x02: JJH T tibia tracker  s/n:3E4C8800,935957779,1782824896.318690958,1,OK,0.8546778,-0.0508552,-0.2252676,0.4649668,0.347,-96.946,-1562.275,0.2183335,3,OK,0.435,-97.088,-1562.252,OK,53.476,-175.463,-1547.333,OK,-41.324,-170.314,-1592.508,Port 0x03: JJH Y femur tracker  s/n:3E4C8801,935957779,1782824896.318690958,1,OK,0.6810758,0.0275328,0.0952798,0.7254650,-217.438,-98.183,-1545.771,0.4818881,3,OK,-217.272,-97.540,-1545.866,OK,-292.428,-160.728,-1526.360,OK,-210.945,-191.185,-1537.338
3,Port 0x01: JJH Probe  s/n:3E4C880C,935957782,1782824896.368656584,1,Too Few Markers,-3.697314E28,-3.697314E28,-3.697314E28,-3.697314E28,-3.697314E28,-3.697314E28,-3.697314E28,0.0000000,3,Missing,-3.697314E28,-3.697314E28,-3.697314E28,Missing,-3.697314E28,-3.697314E28,-3.697314E28,Missing,-3.697314E28,-3.697314E28,-3.697314E28,Port 0x02: JJH T tibia tracker  s/n:3E4C8800,935957782,1782824896.368656584,1,OK,0.8544170,-0.0519525,-0.2249239,0.4654910,0.449,-96.862,-1561.404,0.2125944,3,OK,0.553,-96.991,-1561.371,OK,53.624,-175.304,-1546.240,OK,-41.181,-170.348,-1591.489,Port 0x03: JJH Y femur tracker  s/n:3E4C8801,935957782,1782824896.368656584,1,OK,0.6834260,0.0124831,0.0810691,0.7253970,-218.475,-97.993,-1550.544,0.4781151,3,OK,-218.317,-97.356,-1550.629,OK,-294.298,-160.415,-1534.273,OK,-212.456,-191.015,-1541.849
3,Port 0x01: JJH Probe  s/n:3E4C880C,935957785,1782824896.418656584,1,Too Few Markers,-3.697314E28,-3.697314E28,-3.697314E28,-3.697314E28,-3.697314E28,-3.697314E28,-3.697314E28,0.0000000,3,Missing,-3.697314E28,-3.697314E28,-3.697314E28,Missing,-3.697314E28,-3.697314E28,-3.697314E28,Missing,-3.697314E28,-3.697314E28,-3.697314E28,Port 0x02: JJH T tibia tracker  s/n:3E4C8800,935957785,1782824896.418656584,1,OK,0.8544763,-0.0514763,-0.2248179,0.4654862,0.621,-96.835,-1561.167,0.2150382,3,OK,0.753,-96.949,-1561.119,OK,53.815,-175.264,-1546.092,OK,-41.047,-170.335,-1591.295,Port 0x03: JJH Y femur tracker  s/n:3E4C8801,935957785,1782824896.418656584,1,OK,0.6855890,-0.0032617,0.0653448,0.7250429,-219.282,-97.839,-1555.475,0.4879681,3,OK,-219.122,-97.189,-1555.554,OK,-295.838,-160.169,-1542.684,OK,-213.798,-190.892,-1546.632
3,Port 0x01: JJH Probe  s/n:3E4C880C,935957788,1782824896.468656584,1,Too Few Markers,-3.697314E28,-3.697314E28,-3.697314E28,-3.697314E28,-3.697314E28,-3.697314E28,-3.697314E28,0.0000000,3,Missing,-3.697314E28,-3.697314E28,-3.697314E28,Missing,-3.697314E28,-3.697314E28,-3.697314E28,Missing,-3.697314E28,-3.697314E28,-3.697314E28,Port 0x02: JJH T tibia tracker  s/n:3E4C8800,935957788,1782824896.468656584,1,OK,0.8545729,-0.0511838,-0.2248423,0.4653292,0.754,-96.807,-1561.179,0.2040539,3,OK,0.874,-96.928,-1561.138,OK,53.949,-175.265,-1546.159,OK,-40.940,-170.267,-1591.341,Port 0x03: JJH Y femur tracker  s/n:3E4C8801,935957788,1782824896.468656584,1,OK,0.6874502,-0.0192989,0.0497422,0.7242690,-219.936,-97.644,-1560.724,0.4910280,3,OK,-219.775,-96.990,-1560.795,OK,-297.086,-159.856,-1551.418,OK,-214.995,-190.718,-1551.696
3,Port 0x01: JJH Probe  s/n:3E4C880C,935957791,1782824896.518656585,1,Too Few Markers,-3.697314E28,-3.697314E28,-3.697314E28,-3.697314E28,-3.697314E28,-3.697314E28,-3.697314E28,0.0000000,3,Missing,-3.697314E28,-3.697314E28,-3.697314E28,Missing,-3.697314E28,-3.697314E28,-3.697314E28,Missing,-3.697314E28,-3.697314E28,-3.697314E28,Port 0x02: JJH T tibia tracker  s/n:3E4C8800,935957791,1782824896.518656585,1,OK,0.8546907,-0.0501686,-0.2252442,0.4650290,0.859,-96.784,-1561.387,0.2059619,3,OK,0.982,-96.906,-1561.344,OK,54.047,-175.280,-1546.559,OK,-40.856,-170.173,-1591.704,Port 0x03: JJH Y femur tracker  s/n:3E4C8801,935957791,1782824896.518656585,1,OK,0.6891176,-0.0356312,0.0333302,0.7230052,-220.362,-97.443,-1566.042,0.4907458,3,OK,-220.199,-96.789,-1566.106,OK,-297.970,-159.516,-1560.409,OK,-216.021,-190.538,-1556.916
3,Port 0x01: JJH Probe  s/n:3E4C880C,935957794,1782824896.568614498,1,Too Few Markers,-3.697314E28,-3.697314E28,-3.697314E28,-3.697314E28,-3.697314E28,-3.697314E28,-3.697314E28,0.0000000,3,Missing,-3.697314E28,-3.697314E28,-3.697314E28,Missing,-3.697314E28,-3.697314E28,-3.697314E28,Missing,-3.697314E28,-3.697314E28,-3.697314E28,Port 0x02: JJH T tibia tracker  s/n:3E4C8800,935957794,1782824896.568614498,1,OK,0.8549382,-0.0487973,-0.2250461,0.4648158,0.998,-96.832,-1561.442,0.2101539,3,OK,1.121,-96.934,-1561.397,OK,54.198,-175.369,-1546.892,OK,-40.753,-170.163,-1591.849,Port 0x03: JJH Y femur tracker  s/n:3E4C8801,935957794,1782824896.568614498,1,OK,0.6903121,-0.0532120,0.0165730,0.7213619,-220.517,-97.306,-1571.630,0.4866525,3,OK,-220.356,-96.660,-1571.684,OK,-298.427,-159.239,-1569.786,OK,-216.752,-190.414,-1562.302
3,Port 0x01: JJH Probe  s/n:3E4C880C,935957797,1782824896.618614497,1,Too Few Markers,-3.697314E28,-3.697314E28,-3.697314E28,-3.697314E28,-3.697314E28,-3.697314E28,-3.697314E28,0.0000000,3,Missing,-3.697314E28,-3.697314E28,-3.697314E28,Missing,-3.697314E28,-3.697314E28,-3.697314E28,Missing,-3.697314E28,-3.697314E28,-3.697314E28,Port 0x02: JJH T tibia tracker  s/n:3E4C8800,935957797,1782824896.618614497,1,OK,0.8552632,-0.0478746,-0.2252809,0.4641997,1.078,-96.770,-1561.937,0.2020443,3,OK,1.172,-96.892,-1561.909,OK,54.225,-175.400,-1547.577,OK,-40.741,-169.964,-1592.463,Port 0x03: JJH Y femur tracker  s/n:3E4C8801,935957797,1782824896.618614497,1,OK,0.6912385,-0.0709907,-0.0011347,0.7191303,-220.450,-96.928,-1577.380,0.4964539,3,OK,-220.286,-96.269,-1577.427,OK,-298.481,-158.707,-1579.529,OK,-217.332,-190.066,-1567.973
3,Port 0x01: JJH Probe  s/n:3E4C880C,935957800,1782824896.668551771,1,Too Few Markers,-3.697314E28,-3.697314E28,-3.697314E28,-3.697314E28,-3.697314E28,-3.697314E28,-3.697314E28,0.0000000,3,Missing,-3.697314E28,-3.697314E28,-3.697314E28,Missing,-3.697314E28,-3.697314E28,-3.697314E28,Missing,-3.697314E28,-3.697314E28,-3.697314E28,Port 0x02: JJH T tibia tracker  s/n:3E4C8800,935957800,1782824896.668551771,1,OK,0.8556739,-0.0441579,-0.2267672,0.4630864,1.135,-96.875,-1562.883,0.2130840,3,OK,1.246,-96.999,-1562.848,OK,54.247,-175.632,-1549.231,OK,-40.753,-169.808,-1593.977,Port 0x03: JJH Y femur tracker  s/n:3E4C8801,935957800,1782824896.668551771,1,OK,0.6915845,-0.0892535,-0.0200420,0.7164796,-220.047,-96.672,-1583.275,0.4929777,3,OK,-219.873,-96.022,-1583.310,OK,-297.978,-158.318,-1589.670,OK,-217.538,-189.832,-1573.903
3,Port 0x01: JJH Probe  s/n:3E4C880C,935957803,1782824896.718551771,1,Too Few Markers,-3.697314E28,-3.697314E28,-3.697314E28,-3.697314E28,-3.697314E28,-3.697314E28,-3.697314E28,0.0000000,3,Missing,-3.697314E28,-3.697314E28,-3.697314E28,Missing,-3.697314E28,-3.697314E28,-3.697314E28,Missing,-3.697314E28,-3.697314E28,-3.697314E28,Port 0x02: JJH T tibia tracker  s/n:3E4C8800,935957803,1782824896.718551771,1,OK,0.8562754,-0.0402412,-0.2284326,0.4615102,1.143,-97.028,-1564.565,0.1999668,3,OK,1.221,-97.169,-1564.550,OK,54.184,-175.993,-1551.665,OK,-40.860,-169.585,-1596.266,Port 0x03: JJH Y femur tracker  s/n:3E4C8801,935957803,1782824896.718551771,1,OK,0.6915154,-0.1080928,-0.0384516,0.7131927,-219.300,-96.409,-1589.313,0.4864557,3,OK,-219.126,-95.770,-1589.338,OK,-296.910,-157.894,-1599.865,OK,-217.456,-189.574,-1579.864
3,Port 0x01: JJH Probe  s/n:3E4C880C,935957806,1782824896.768551772,1,Too Few Markers,-3.697314E28,-3.697314E28,-3.697314E28,-3.697314E28,-3.697314E28,-3.697314E28,-3.697314E28,0.0000000,3,Missing,-3.697314E28,-3.697314E28,-3.697314E28,Missing,-3.697314E28,-3.697314E28,-3.697314E28,Missing,-3.697314E28,-3.697314E28,-3.697314E28,Port 0x02: JJH T tibia tracker  s/n:3E4C8800,935957806,1782824896.768551772,1,OK,0.8566734,-0.0358385,-0.2302862,0.4602114,1.060,-97.153,-1565.518,0.2129271,3,OK,1.152,-97.304,-1565.499,OK,54.066,-176.248,-1553.453,OK,-41.007,-169.383,-1597.896,Port 0x03: JJH Y femur tracker  s/n:3E4C8801,935957806,1782824896.768551772,1,OK,0.6908744,-0.1279813,-0.0577938,0.7092061,-218.266,-96.047,-1595.573,0.4885580,3,OK,-218.095,-95.414,-1595.589,OK,-295.313,-157.360,-1610.484,OK,-217.099,-189.229,-1586.053
3,Port 0x01: JJH Probe  s/n:3E4C880C,935957809,1782824896.818551772,1,Too Few Markers,-3.697314E28,-3.697314E28,-3.697314E28,-3.697314E28,-3.697314E28,-3.697314E28,-3.697314E28,0.0000000,3,Missing,-3.697314E28,-3.697314E28,-3.697314E28,Missing,-3.697314E28,-3.697314E28,-3.697314E28,Missing,-3.697314E28,-3.697314E28,-3.697314E28,Port 0x02: JJH T tibia tracker  s/n:3E4C8800,935957809,1782824896.818551772,1,OK,0.8567094,-0.0369653,-0.2295010,0.4604474,1.075,-97.302,-1564.863,0.2097154,3,OK,1.171,-97.452,-1564.841,OK,54.074,-176.372,-1552.595,OK,-41.026,-169.615,-1597.031,Port 0x03: JJH Y femur tracker  s/n:3E4C8801,935957809,1782824896.818551772,1,OK,0.6897081,-0.1483748,-0.0776734,0.7044534,-216.791,-95.755,-1601.974,0.4959349,3,OK,-216.606,-95.129,-1601.975,OK,-293.040,-156.887,-1621.348,OK,-216.333,-188.944,-1592.418
3,Port 0x01: JJH Probe  s/n:3E4C880C,935957812,1782824896.868551771,1,Too Few Markers,-3.697314E28,-3.697314E28,-3.697314E28,-3.697314E28,-3.697314E28,-3.697314E28,-3.697314E28,0.0000000,3,Missing,-3.697314E28,-3.697314E28,-3.697314E28,Missing,-3.697314E28,-3.697314E28,-3.697314E28,Missing,-3.697314E28,-3.697314E28,-3.697314E28,Port 0x02: JJH T tibia tracker  s/n:3E4C8800,935957812,1782824896.868551771,1,OK,0.8568232,-0.0399272,-0.2276020,0.4609308,1.013,-97.429,-1563.559,0.2047648,3,OK,1.113,-97.559,-1563.533,OK,53.957,-176.459,-1550.770,OK,-41.164,-169.948,-1595.195,Port 0x03: JJH Y femur tracker  s/n:3E4C8801,935957812,1782824896.868551771,1,OK,0.6879034,-0.1685145,-0.0981070,0.6991186,-214.976,-95.403,-1608.248,0.5136921,3,OK,-214.773,-94.780,-1608.231,OK,-290.143,-156.356,-1632.152,OK,-215.198,-188.611,-1598.787
3,Port 0x01: JJH Probe  s/n:3E4C880C,935957815,1782824896.918551771,1,Too Few Markers,-3.697314E28,-3.697314E28,-3.697314E28,-3.697314E28,-3.697314E28,-3.697314E28,-3.697314E28,0.0000000,3,Missing,-3.697314E28,-3.697314E28,-3.697314E28,Missing,-3.697314E28,-3.697314E28,-3.697314E28,Missing,-3.697314E28,-3.697314E28,-3.697314E28,Port 0x02: JJH T tibia tracker  s/n:3E4C8800,935957815,1782824896.918551771,1,OK,0.8571059,-0.0428689,-0.2259564,0.4609505,0.793,-97.705,-1562.622,0.2108166,3,OK,0.880,-97.844,-1562.601,OK,53.600,-176.746,-1549.331,OK,-41.497,-170.344,-1593.761,Port 0x03: JJH Y femur tracker  s/n:3E4C8801,935957815,1782824896.918551771,1,OK,0.6856213,-0.1882919,-0.1181024,0.6931965,-212.793,-95.180,-1614.453,0.5325271,3,OK,-212.583,-94.551,-1614.420,OK,-286.624,-155.939,-1642.738,OK,-213.721,-188.411,-1605.117
3,Port 0x01: JJH Probe  s/n:3E4C880C,935957818,1782824896.968596094,1,Too Few Markers,-3.697314E28,-3.697314E28,-3.697314E28,-3.697314E28,-3.697314E28,-3.697314E28,-3.697314E28,0.0000000,3,Missing,-3.697314E28,-3.697314E28,-3.697314E28,Missing,-3.697314E28,-3.697314E28,-3.697314E28,Missing,-3.697314E28,-3.697314E28,-3.697314E28,Port 0x02: JJH T tibia tracker  s/n:3E4C8800,935957818,1782824896.968596094,1,OK,0.8575039,-0.0464501,-0.2243431,0.4606513,0.401,-98.002,-1561.487,0.2097026,3,OK,0.506,-98.133,-1561.456,OK,52.995,-177.068,-1547.585,OK,-42.088,-170.777,-1592.112,Port 0x03: JJH Y femur tracker  s/n:3E4C8801,935957818,1782824896.968596094,1,OK,0.6828904,-0.2071347,-0.1373424,0.6869447,-210.233,-94.902,-1620.443,0.5454376,3,OK,-210.011,-94.260,-1620.393,OK,-282.513,-155.486,-1652.869,OK,-211.857,-188.147,-1611.295
3,Port 0x01: JJH Probe  s/n:3E4C880C,935957821,1782824897.018596094,1,Too Few Markers,-3.697314E28,-3.697314E28,-3.697314E28,-3.697314E28,-3.697314E28,-3.697314E28,-3.697314E28,0.0000000,3,Missing,-3.697314E28,-3.697314E28,-3.697314E28,Missing,-3.697314E28,-3.697314E28,-3.697314E28,Missing,-3.697314E28,-3.697314E28,-3.697314E28,Port 0x02: JJH T tibia tracker  s/n:3E4C8800,935957821,1782824897.018596094,1,OK,0.8579533,-0.0531605,-0.2213070,0.4605576,-0.164,-98.350,-1559.772,0.2029927,3,OK,-0.064,-98.482,-1559.741,OK,52.121,-177.418,-1544.701,OK,-42.916,-171.385,-1589.395,Port 0x03: JJH Y femur tracker  s/n:3E4C8801,935957821,1782824897.018596094,1,OK,0.6795580,-0.2258886,-0.1556589,0.6804010,-207.531,-94.575,-1626.216,0.5639697,3,OK,-207.324,-93.939,-1626.161,OK,-278.092,-154.988,-1662.552,OK,-209.781,-187.845,-1617.139
3,Port 0x01: JJH Probe  s/n:3E4C880C,935957824,1782824897.068596093,1,Too Few Markers,-3.697314E28,-3.697314E28,-3.697314E28,-3.697314E28,-3.697314E28,-3.697314E28,-3.697314E28,0.0000000,3,Missing,-3.697314E28,-3.697314E28,-3.697314E28,Missing,-3.697314E28,-3.697314E28,-3.697314E28,Missing,-3.697314E28,-3.697314E28,-3.697314E28,Port 0x02: JJH T tibia tracker  s/n:3E4C8800,935957824,1782824897.068596093,1,OK,0.8582391,-0.0614798,-0.2177168,0.4607008,-0.785,-98.815,-1557.643,0.2022560,3,OK,-0.680,-98.953,-1557.608,OK,51.162,-177.810,-1541.105,OK,-43.807,-172.185,-1586.041,Port 0x03: JJH Y femur tracker  s/n:3E4C8801,935957824,1782824897.068596093,1,OK,0.6760382,-0.2431060,-0.1735925,0.6736003,-204.684,-94.367,-1631.333,0.5883160,3,OK,-204.453,-93.729,-1631.248,OK,-273.420,-154.612,-1671.419,OK,-207.528,-187.638,-1622.513
3,Port 0x01: JJH Probe  s/n:3E4C880C,935957827,1782824897.118596093,1,Too Few Markers,-3.697314E28,-3.697314E28,-3.697314E28,-3.697314E28,-3.697314E28,-3.697314E28,-3.697314E28,0.0000000,3,Missing,-3.697314E28,-3.697314E28,-3.697314E28,Missing,-3.697314E28,-3.697314E28,-3.697314E28,Missing,-3.697314E28,-3.697314E28,-3.697314E28,Port 0x02: JJH T tibia tracker  s/n:3E4C8800,935957827,1782824897.118596093,1,OK,0.8583637,-0.0709544,-0.2134883,0.4610857,-1.365,-99.169,-1555.458,0.1901666,3,OK,-1.273,-99.305,-1555.425,OK,50.249,-178.035,-1537.240,OK,-44.653,-172.917,-1582.420,Port 0x03: JJH Y femur tracker  s/n:3E4C8801,935957827,1782824897.118596093,1,OK,0.6725481,-0.2592452,-0.1891740,0.6668464,-201.782,-94.058,-1636.153,0.5909264,3,OK,-201.568,-93.424,-1636.068,OK,-268.691,-154.124,-1679.437,OK,-205.258,-187.336,-1627.454
3,Port 0x01: JJH Probe  s/n:3E4C880C,935957830,1782824897.168596094,1,Too Few Markers,-3.697314E28,-3.697314E28,-3.697314E28,-3.697314E28,-3.697314E28,-3.697314E28,-3.697314E28,0.0000000,3,Missing,-3.697314E28,-3.697314E28,-3.697314E28,Missing,-3.697314E28,-3.697314E28,-3.697314E28,Missing,-3.697314E28,-3.697314E28,-3.697314E28,Port 0x02: JJH T tibia tracker  s/n:3E4C8800,935957830,1782824897.168596094,1,OK,0.8580636,-0.0806490,-0.2085310,0.4623175,-1.830,-99.326,-1552.862,0.1985274,3,OK,-1.755,-99.480,-1552.835,OK,49.578,-177.906,-1532.912,OK,-45.268,-173.515,-1578.218,Port 0x03: JJH Y femur tracker  s/n:3E4C8801,935957830,1782824897.168596094,1,OK,0.6688892,-0.2736350,-0.2040413,0.6603622,-198.930,-93.792,-1640.318,0.6075225,3,OK,-198.712,-93.165,-1640.217,OK,-264.001,-153.699,-1686.593,OK,-202.901,-187.075,-1631.856
3,Port 0x01: JJH Probe  s/n:3E4C880C,935957833,1782824897.218596094,1,Too Few Markers,-3.697314E28,-3.697314E28,-3.697314E28,-3.697314E28,-3.697314E28,-3.697314E28,-3.697314E28,0.0000000,3,Missing,-3.697314E28,-3.697314E28,-3.697314E28,Missing,-3.697314E28,-3.697314E28,-3.697314E28,Missing,-3.697314E28,-3.697314E28,-3.697314E28,Port 0x02: JJH T tibia tracker  s/n:3E4C8800,935957833,1782824897.218596094,1,OK,0.8573022,-0.0898852,-0.2038092,0.4641286,-2.022,-99.322,-1549.830,0.1942652,3,OK,-1.950,-99.488,-1549.802,OK,49.328,-177.502,-1528.196,OK,-45.518,-173.984,-1573.640,Port 0x03: JJH Y femur tracker  s/n:3E4C8801,935957833,1782824897.218596094,1,OK,0.6656277,-0.2856196,-0.2160074,0.6547534,-196.389,-93.606,-1643.752,0.6000854,3,OK,-196.181,-92.988,-1643.648,OK,-259.825,-153.396,-1692.367,OK,-200.808,-186.883,-1635.469
3,Port 0x01: JJH Probe  s/n:3E4C880C,935957836,1782824897.268596094,1,Too Few Markers,-3.697314E28,-3.697314E28,-3.697314E28,-3.697314E28,-3.697314E28,-3.697314E28,-3.697314E28,0.0000000,3,Missing,-3.697314E28,-3.697314E28,-3.697314E28,Missing,-3.697314E28,-3.697314E28,-3.697314E28,Missing,-3.697314E28,-3.697314E28,-3.697314E28,Port 0x02: JJH T tibia tracker  s/n:3E4C8800,935957836,1782824897.268596094,1,OK,0.8566062,-0.0959947,-0.2001903,0.4657624,-2.017,-99.324,-1547.748,0.1880584,3,OK,-1.963,-99.474,-1547.726,OK,49.369,-177.185,-1525.002,OK,-45.486,-174.334,-1570.432,Port 0x03: JJH Y femur tracker  s/n:3E4C8801,935957836,1782824897.268596094,1,OK,0.6627065,-0.2956033,-0.2258801,0.6499362,-194.172,-93.548,-1646.544,0.5973878,3,OK,-193.980,-92.937,-1646.445,OK,-256.178,-153.240,-1697.054,OK,-198.952,-186.830,-1638.398
3,Port 0x01: JJH Probe  s/n:3E4C880C,935957839,1782824897.318596093,1,Too Few Markers,-3.697314E28,-3.697314E28,-3.697314E28,-3.697314E28,-3.697314E28,-3.697314E28,-3.697314E28,0.0000000,3,Missing,-3.697314E28,-3.697314E28,-3.697314E28,Missing,-3.697314E28,-3.697314E28,-3.697314E28,Missing,-3.697314E28,-3.697314E28,-3.697314E28,Port 0x02: JJH T tibia tracker  s/n:3E4C8800,935957839,1782824897.318596093,1,OK,0.8562468,-0.0996135,-0.1981279,0.4665446,-2.113,-99.224,-1546.452,0.1872947,3,OK,-2.054,-99.370,-1546.426,OK,49.263,-176.894,-1523.053,OK,-45.602,-174.421,-1568.492,Port 0x03: JJH Y femur tracker  s/n:3E4C8801,935957839,1782824897.318596093,1,OK,0.6600568,-0.3042977,-0.2345354,0.6455394,-192.286,-93.317,-1648.797,0.6247812,3,OK,-192.082,-92.710,-1648.680,OK,-253.044,-152.923,-1700.992,OK,-197.359,-186.595,-1640.764
3,Port 0x01: JJH Probe  s/n:3E4C880C,935957842,1782824897.368596093,1,Too Few Markers,-3.697314E28,-3.697314E28,-3.697314E28,-3.697314E28,-3.697314E28,-3.697314E28,-3.697314E28,0.0000000,3,Missing,-3.697314E28,-3.697314E28,-3.697314E28,Missing,-3.697314E28,-3.697314E28,-3.697314E28,Missing,-3.697314E28,-3.697314E28,-3.697314E28,Port 0x02: JJH T tibia tracker  s/n:3E4C8800,935957842,1782824897.368596093,1,OK,0.8562103,-0.0993747,-0.1982700,0.4666022,-2.218,-99.336,-1546.132,0.1896726,3,OK,-2.140,-99.480,-1546.096,OK,49.173,-176.990,-1522.773,OK,-45.703,-174.550,-1568.219,Port 0x03: JJH Y femur tracker  s/n:3E4C8801,935957842,1782824897.368596093,1,OK,0.6579439,-0.3108953,-0.2411353,0.6421120,-190.660,-93.232,-1650.642,0.6047034,3,OK,-190.473,-92.629,-1650.535,OK,-250.367,-152.773,-1704.037,OK,-195.993,-186.509,-1642.744
3,Port 0x01: JJH Probe  s/n:3E4C880C,935957845,1782824897.418596094,1,Too Few Markers,-3.697314E28,-3.697314E28,-3.697314E28,-3.697314E28,-3.697314E28,-3.697314E28,-3.697314E28,0.0000000,3,Missing,-3.697314E28,-3.697314E28,-3.697314E28,Missing,-3.697314E28,-3.697314E28,-3.697314E28,Missing,-3.697314E28,-3.697314E28,-3.697314E28,Port 0x02: JJH T tibia tracker  s/n:3E4C8800,935957845,1782824897.418596094,1,OK,0.8564193,-0.0986691,-0.1984542,0.4662900,-2.313,-99.487,-1546.192,0.1933990,3,OK,-2.228,-99.617,-1546.154,OK,49.043,-177.200,-1522.978,OK,-45.831,-174.662,-1568.377,Port 0x03: JJH Y femur tracker  s/n:3E4C8801,935957845,1782824897.418596094,1,OK,0.6562266,-0.3164909,-0.2460410,0.6392684,-189.364,-93.158,-1652.034,0.6125479,3,OK,-189.197,-92.572,-1651.943,OK,-248.272,-152.633,-1706.358,OK,-194.910,-186.441,-1644.123
3,Port 0x01: JJH Probe  s/n:3E4C880C,935957848,1782824897.468596094,1,Too Few Markers,-3.697314E28,-3.697314E28,-3.697314E28,-3.697314E28,-3.697314E28,-3.697314E28,-3.697314E28,0.0000000,3,Missing,-3.697314E28,-3.697314E28,-3.697314E28,Missing,-3.697314E28,-3.697314E28,-3.697314E28,Missing,-3.697314E28,-3.697314E28,-3.697314E28,Port 0x02: JJH T tibia tracker  s/n:3E4C8800,935957848,1782824897.468596094,1,OK,0.8569021,-0.0981274,-0.1985961,0.4654561,-2.743,-99.462,-1546.164,0.1960742,3,OK,-2.650,-99.600,-1546.122,OK,48.494,-177.283,-1523.079,OK,-46.400,-174.535,-1568.452,Port 0x03: JJH Y femur tracker  s/n:3E4C8801,935957848,1782824897.468596094,1,OK,0.6566394,-0.3189468,-0.2474176,0.6370888,-189.549,-92.721,-1652.546,0.6026549,3,OK,-189.383,-92.131,-1652.456,OK,-248.330,-151.990,-1707.205,OK,-195.505,-185.980,-1644.673
3,Port 0x01: JJH Probe  s/n:3E4C880C,935957851,1782824897.518596094,1,Too Few Markers,-3.697314E28,-3.697314E28,-3.697314E28,-3.697314E28,-3.697314E28,-3.697314E28,-3.697314E28,0.0000000,3,Missing,-3.697314E28,-3.697314E28,-3.697314E28,Missing,-3.697314E28,-3.697314E28,-3.697314E28,Missing,-3.697314E28,-3.697314E28,-3.697314E28,Port 0x02: JJH T tibia tracker  s/n:3E4C8800,935957851,1782824897.518596094,1,OK,0.8566217,-0.1004738,-0.1974332,0.4659661,-2.418,-99.742,-1546.166,0.1816249,3,OK,-2.360,-99.894,-1546.140,OK,48.838,-177.462,-1522.642,OK,-46.064,-174.897,-1568.055,Port 0x03: JJH Y femur tracker  s/n:3E4C8801,935957851,1782824897.518596094,1,OK,0.6569706,-0.3168852,-0.2456212,0.6384697,-189.626,-93.154,-1651.971,0.6082924,3,OK,-189.446,-92.549,-1651.869,OK,-248.667,-152.520,-1706.276,OK,-195.424,-186.415,-1644.067
3,Port 0x01: JJH Probe  s/n:3E4C880C,935957854,1782824897.568596093,1,Too Few Markers,-3.697314E28,-3.697314E28,-3.697314E28,-3.697314E28,-3.697314E28,-3.697314E28,-3.697314E28,0.0000000,3,Missing,-3.697314E28,-3.697314E28,-3.697314E28,Missing,-3.697314E28,-3.697314E28,-3.697314E28,Missing,-3.697314E28,-3.697314E28,-3.697314E28,Port 0x02: JJH T tibia tracker  s/n:3E4C8800,935957854,1782824897.568596093,1,OK,0.8567207,-0.1013837,-0.1965670,0.4659532,-2.495,-99.522,-1545.803,0.1910100,3,OK,-2.435,-99.663,-1545.776,OK,48.706,-177.222,-1522.142,OK,-46.187,-174.707,-1567.480,Port 0x03: JJH Y femur tracker  s/n:3E4C8801,935957854,1782824897.568596093,1,OK,0.6576318,-0.3141880,-0.2434782,0.6399411,-190.184,-93.036,-1651.308,0.6175282,3,OK,-190.006,-92.448,-1651.208,OK,-249.589,-152.420,-1705.222,OK,-195.800,-186.306,-1643.383
3,Port 0x01: JJH Probe  s/n:3E4C880C,935957857,1782824897.618596093,1,Too Few Markers,-3.697314E28,-3.697314E28,-3.697314E28,-3.697314E28,-3.697314E28,-3.697314E28,-3.697314E28,0.0000000,3,Missing,-3.697314E28,-3.697314E28,-3.697314E28,Missing,-3.697314E28,-3.697314E28,-3.697314E28,Missing,-3.697314E28,-3.697314E28,-3.697314E28,Port 0x02: JJH T tibia tracker  s/n:3E4C8800,935957857,1782824897.618596093,1,OK,0.8562972,-0.1036530,-0.1959888,0.4664757,-2.418,-99.390,-1545.335,0.1753631,3,OK,-2.366,-99.534,-1545.312,OK,48.801,-176.970,-1521.235,OK,-46.079,-174.681,-1566.716,Port 0x03: JJH Y femur tracker  s/n:3E4C8801,935957857,1782824897.618596093,1,OK,0.6583362,-0.3091920,-0.2397923,0.6430345,-190.955,-93.197,-1650.294,0.6063696,3,OK,-190.772,-92.595,-1650.192,OK,-250.872,-152.754,-1703.427,OK,-196.181,-186.484,-1642.394
3,Port 0x01: JJH Probe  s/n:3E4C880C,935957860,1782824897.668596094,1,Too Few Markers,-3.697314E28,-3.697314E28,-3.697314E28,-3.697314E28,-3.697314E28,-3.697314E28,-3.697314E28,0.0000000,3,Missing,-3.697314E28,-3.697314E28,-3.697314E28,Missing,-3.697314E28,-3.697314E28,-3.697314E28,Missing,-3.697314E28,-3.697314E28,-3.697314E28,Port 0x02: JJH T tibia tracker  s/n:3E4C8800,935957860,1782824897.668596094,1,OK,0.8561774,-0.1055731,-0.1948028,0.4667617,-2.264,-99.350,-1545.352,0.1803274,3,OK,-2.240,-99.511,-1545.340,OK,48.939,-176.854,-1520.909,OK,-45.942,-174.689,-1566.371,Port 0x03: JJH Y femur tracker  s/n:3E4C8801,935957860,1782824897.668596094,1,OK,0.6602379,-0.3018998,-0.2329577,0.6470495,-192.482,-93.428,-1648.396,0.5935447,3,OK,-192.292,-92.814,-1648.293,OK,-253.394,-153.132,-1700.193,OK,-197.366,-186.717,-1640.421
3,Port 0x01: JJH Probe  s/n:3E4C880C,935957863,1782824897.718596094,1,Too Few Markers,-3.697314E28,-3.697314E28,-3.697314E28,-3.697314E28,-3.697314E28,-3.697314E28,-3.697314E28,0.0000000,3,Missing,-3.697314E28,-3.697314E28,-3.697314E28,Missing,-3.697314E28,-3.697314E28,-3.697314E28,Missing,-3.697314E28,-3.697314E28,-3.697314E28,Port 0x02: JJH T tibia tracker  s/n:3E4C8800,935957863,1782824897.718596094,1,OK,0.8560090,-0.1052191,-0.1952630,0.4669582,-2.187,-99.298,-1545.274,0.1814054,3,OK,-2.130,-99.445,-1545.247,OK,49.045,-176.767,-1520.885,OK,-45.816,-174.682,-1566.391,Port 0x03: JJH Y femur tracker  s/n:3E4C8801,935957863,1782824897.718596094,1,OK,0.6634017,-0.2921797,-0.2229856,0.6517719,-194.823,-93.606,-1645.582,0.6054016,3,OK,-194.620,-92.985,-1645.475,OK,-257.244,-153.375,-1695.518,OK,-199.397,-186.895,-1637.424
3,Port 0x01: JJH Probe  s/n:3E4C880C,935957866,1782824897.768596094,1,Too Few Markers,-3.697314E28,-3.697314E28,-3.697314E28,-3.697314E28,-3.697314E28,-3.697314E28,-3.697314E28,0.0000000,3,Missing,-3.697314E28,-3.697314E28,-3.697314E28,Missing,-3.697314E28,-3.697314E28,-3.697314E28,Missing,-3.697314E28,-3.697314E28,-3.697314E28,Port 0x02: JJH T tibia tracker  s/n:3E4C8800,935957866,1782824897.768596094,1,OK,0.8561673,-0.1035342,-0.1967182,0.4664334,-2.080,-99.266,-1546.065,0.1769625,3,OK,-2.015,-99.413,-1546.035,OK,49.129,-176.841,-1521.971,OK,-45.710,-174.557,-1567.570,Port 0x03: JJH Y femur tracker  s/n:3E4C8801,935957866,1782824897.768596094,1,OK,0.6673395,-0.2797033,-0.2113331,0.6570863,-197.557,-93.662,-1642.107,0.6124611,3,OK,-197.320,-93.026,-1641.984,OK,-261.739,-153.448,-1689.813,OK,-201.783,-186.943,-1633.925
3,Port 0x01: JJH Probe  s/n:3E4C880C,935957869,1782824897.818596093,1,Too Few Markers,-3.697314E28,-3.697314E28,-3.697314E28,-3.697314E28,-3.697314E28,-3.697314E28,-3.697314E28,0.0000000,3,Missing,-3.697314E28,-3.697314E28,-3.697314E28,Missing,-3.697314E28,-3.697314E28,-3.697314E28,Missing,-3.697314E28,-3.697314E28,-3.697314E28,Port 0x02: JJH T tibia tracker  s/n:3E4C8800,935957869,1782824897.818596093,1,OK,0.8565146,-0.1005250,-0.1983612,0.4657578,-1.765,-99.788,-1547.366,0.1846520,3,OK,-1.697,-99.939,-1547.336,OK,49.438,-177.525,-1523.822,OK,-45.384,-174.929,-1569.396,Port 0x03: JJH Y femur tracker  s/n:3E4C8801,935957869,1782824897.818596093,1,OK,0.6710397,-0.2659893,-0.1966936,0.6635262,-200.369,-93.882,-1638.252,0.5916726,3,OK,-200.158,-93.256,-1638.162,OK,-266.409,-153.804,-1683.052,OK,-204.122,-187.168,-1629.756
3,Port 0x01: JJH Probe  s/n:3E4C880C,935957872,1782824897.868596093,1,Too Few Markers,-3.697314E28,-3.697314E28,-3.697314E28,-3.697314E28,-3.697314E28,-3.697314E28,-3.697314E28,0.0000000,3,Missing,-3.697314E28,-3.697314E28,-3.697314E28,Missing,-3.697314E28,-3.697314E28,-3.697314E28,Missing,-3.697314E28,-3.697314E28,-3.697314E28,Port 0x02: JJH T tibia tracker  s/n:3E4C8800,935957872,1782824897.868596093,1,OK,0.8571750,-0.0951151,-0.2013250,0.4644054,-1.518,-100.532,-1549.754,0.2022514,3,OK,-1.455,-100.694,-1549.728,OK,49.649,-178.570,-1527.205,OK,-45.127,-175.371,-1572.727,Port 0x03: JJH Y femur tracker  s/n:3E4C8801,935957872,1782824897.868596093,1,OK,0.6745251,-0.2507131,-0.1814866,0.6702399,-203.270,-94.032,-1633.838,0.5745387,3,OK,-203.063,-93.409,-1633.762,OK,-271.118,-154.134,-1675.534,OK,-206.437,-187.313,-1625.158
3,Port 0x01: JJH Probe  s/n:3E4C880C,935957875,1782824897.918596094,1,Too Few Markers,-3.697314E28,-3.697314E28,-3.697314E28,-3.697314E28,-3.697314E28,-3.697314E28,-3.697314E28,0.0000000,3,Missing,-3.697314E28,-3.697314E28,-3.697314E28,Missing,-3.697314E28,-3.697314E28,-3.697314E28,Missing,-3.697314E28,-3.697314E28,-3.697314E28,Port 0x02: JJH T tibia tracker  s/n:3E4C8800,935957875,1782824897.918596094,1,OK,0.8582381,-0.0887165,-0.2043566,0.4623798,-1.535,-100.819,-1552.292,0.1978488,3,OK,-1.479,-100.973,-1552.271,OK,49.550,-179.258,-1530.941,OK,-45.255,-175.251,-1576.333,Port 0x03: JJH Y femur tracker  s/n:3E4C8801,935957875,1782824897.918596094,1,OK,0.6777696,-0.2346514,-0.1654697,0.6768950,-206.010,-94.371,-1629.147,0.5646232,3,OK,-205.804,-93.738,-1629.084,OK,-275.593,-154.674,-1667.511,OK,-208.559,-187.652,-1620.294
3,Port 0x01: JJH Probe  s/n:3E4C880C,935957878,1782824897.968596094,1,Too Few Markers,-3.697314E28,-3.697314E28,-3.697314E28,-3.697314E28,-3.697314E28,-3.697314E28,-3.697314E28,0.0000000,3,Missing,-3.697314E28,-3.697314E28,-3.697314E28,Missing,-3.697314E28,-3.697314E28,-3.697314E28,Missing,-3.697314E28,-3.697314E28,-3.697314E28,Port 0x02: JJH T tibia tracker  s/n:3E4C8800,935957878,1782824897.968596094,1,OK,0.8594205,-0.0819642,-0.2066119,0.4604234,-1.436,-101.119,-1554.556,0.1952590,3,OK,-1.358,-101.256,-1554.526,OK,49.594,-179.917,-1534.490,OK,-45.330,-175.161,-1579.587,Port 0x03: JJH Y femur tracker  s/n:3E4C8801,935957878,1782824897.968596094,1,OK,0.6808918,-0.2181640,-0.1494405,0.6829776,-208.603,-94.643,-1624.102,0.5693684,3,OK,-208.376,-93.999,-1624.039,OK,-279.832,-155.102,-1659.098,OK,-210.556,-187.919,-1615.160
3,Port 0x01: JJH Probe  s/n:3E4C880C,935957881,1782824898.018596095,1,Too Few Markers,-3.697314E28,-3.697314E28,-3.697314E28,-3.697314E28,-3.697314E28,-3.697314E28,-3.697314E28,0.0000000,3,Missing,-3.697314E28,-3.697314E28,-3.697314E28,Missing,-3.697314E28,-3.697314E28,-3.697314E28,Missing,-3.697314E28,-3.697314E28,-3.697314E28,Port 0x02: JJH T tibia tracker  s/n:3E4C8800,935957881,1782824898.018596095,1,OK,0.8604071,-0.0777295,-0.2077910,0.4587817,-1.456,-101.439,-1556.744,0.2019006,3,OK,-1.378,-101.599,-1556.717,OK,49.475,-180.500,-1537.505,OK,-45.534,-175.156,-1582.366,Port 0x03: JJH Y femur tracker  s/n:3E4C8801,935957881,1782824898.018596095,1,OK,0.6837020,-0.2013552,-0.1326432,0.6887767,-210.966,-94.876,-1618.968,0.5421340,3,OK,-210.753,-94.239,-1618.924,OK,-283.669,-155.485,-1650.358,OK,-212.351,-188.138,-1609.913
3,Port 0x01: JJH Probe  s/n:3E4C880C,935957884,1782824898.068596095,1,Too Few Markers,-3.697314E28,-3.697314E28,-3.697314E28,-3.697314E28,-3.697314E28,-3.697314E28,-3.697314E28,0.0000000,3,Missing,-3.697314E28,-3.697314E28,-3.697314E28,Missing,-3.697314E28,-3.697314E28,-3.697314E28,Missing,-3.697314E28,-3.697314E28,-3.697314E28,Port 0x02: JJH T tibia tracker  s/n:3E4C8800,935957884,1782824898.068596095,1,OK,0.8609004,-0.0744758,-0.2098476,0.4574580,-1.478,-101.391,-1557.749,0.2038693,3,OK,-1.391,-101.538,-1557.718,OK,49.348,-180.658,-1539.129,OK,-45.621,-174.867,-1583.994,Port 0x03: JJH Y femur tracker  s/n:3E4C8801,935957884,1782824898.068596095,1,OK,0.6861207,-0.1843548,-0.1160186,0.6941119,-213.076,-95.021,-1613.793,0.5248951,3,OK,-212.866,-94.389,-1613.761,OK,-287.086,-155.773,-1641.569,OK,-213.880,-188.269,-1604.692
3,Port 0x01: JJH Probe  s/n:3E4C880C,935957887,1782824898.118596094,1,Too Few Markers,-3.697314E28,-3.697314E28,-3.697314E28,-3.697314E28,-3.697314E28,-3.697314E28,-3.697314E28,0.0000000,3,Missing,-3.697314E28,-3.697314E28,-3.697314E28,Missing,-3.697314E28,-3.697314E28,-3.697314E28,Missing,-3.697314E28,-3.697314E28,-3.697314E28,Port 0x02: JJH T tibia tracker  s/n:3E4C8800,935957887,1782824898.118596094,1,OK,0.8608582,-0.0749726,-0.2101975,0.4572957,-1.399,-101.375,-1557.577,0.2011163,3,OK,-1.315,-101.525,-1557.548,OK,49.381,-180.654,-1538.861,OK,-45.546,-174.842,-1583.837,Port 0x03: JJH Y femur tracker  s/n:3E4C8801,935957887,1782824898.118596094,1,OK,0.6879533,-0.1680653,-0.0990707,0.6990417,-214.908,-95.329,-1608.609,0.5129656,3,OK,-214.712,-94.701,-1608.594,OK,-290.028,-156.251,-1632.683,OK,-215.124,-188.562,-1599.338
3,Port 0x01: JJH Probe  s/n:3E4C880C,935957890,1782824898.168596094,1,Too Few Markers,-3.697314E28,-3.697314E28,-3.697314E28,-3.697314E28,-3.697314E28,-3.697314E28,-3.697314E28,0.0000000,3,Missing,-3.697314E28,-3.697314E28,-3.697314E28,Missing,-3.697314E28,-3.697314E28,-3.697314E28,Missing,-3.697314E28,-3.697314E28,-3.697314E28,Port 0x02: JJH T tibia tracker  s/n:3E4C8800,935957890,1782824898.168596094,1,OK,0.8607554,-0.0755145,-0.2102084,0.4573949,-1.270,-101.338,-1557.527,0.1978052,3,OK,-1.177,-101.480,-1557.492,OK,49.505,-180.593,-1538.704,OK,-45.411,-174.843,-1583.745,Port 0x03: JJH Y femur tracker  s/n:3E4C8801,935957890,1782824898.168596094,1,OK,0.6894207,-0.1518916,-0.0828764,0.7033914,-216.456,-95.567,-1603.539,0.5033547,3,OK,-216.275,-94.936,-1603.538,OK,-292.469,-156.634,-1624.024,OK,-216.108,-188.794,-1594.211
3,Port 0x01: JJH Probe  s/n:3E4C880C,935957893,1782824898.218596094,1,Too Few Markers,-3.697314E28,-3.697314E28,-3.697314E28,-3.697314E28,-3.697314E28,-3.697314E28,-3.697314E28,0.0000000,3,Missing,-3.697314E28,-3.697314E28,-3.697314E28,Missing,-3.697314E28,-3.697314E28,-3.697314E28,Missing,-3.697314E28,-3.697314E28,-3.697314E28,Port 0x02: JJH T tibia tracker  s/n:3E4C8800,935957893,1782824898.218596094,1,OK,0.8605384,-0.0774294,-0.2097730,0.4576829,-1.212,-101.070,-1557.483,0.1974777,3,OK,-1.125,-101.215,-1557.451,OK,49.531,-180.264,-1538.302,OK,-45.332,-174.661,-1583.461,Port 0x03: JJH Y femur tracker  s/n:3E4C8801,935957893,1782824898.218596094,1,OK,0.6904376,-0.1360591,-0.0673671,0.7072803,-217.649,-95.804,-1598.535,0.4968579,3,OK,-217.465,-95.174,-1598.541,OK,-294.376,-157.031,-1615.555,OK,-216.731,-189.014,-1589.213
3,Port 0x01: JJH Probe  s/n:3E4C880C,935957896,1782824898.268596095,1,Too Few Markers,-3.697314E28,-3.697314E28,-3.697314E28,-3.697314E28,-3.697314E28,-3.697314E28,-3.697314E28,0.0000000,3,Missing,-3.697314E28,-3.697314E28,-3.697314E28,Missing,-3.697314E28,-3.697314E28,-3.697314E28,Missing,-3.697314E28,-3.697314E28,-3.697314E28,Port 0x02: JJH T tibia tracker  s/n:3E4C8800,935957896,1782824898.268596095,1,OK,0.8601415,-0.0797360,-0.2085977,0.4585692,-1.029,-101.084,-1556.720,0.2035057,3,OK,-0.935,-101.226,-1556.684,OK,49.760,-180.130,-1537.104,OK,-45.090,-174.857,-1582.299,Port 0x03: JJH Y femur tracker  s/n:3E4C8801,935957896,1782824898.268596095,1,OK,0.6910628,-0.1198528,-0.0522213,0.7108730,-218.587,-96.183,-1593.478,0.4949797,3,OK,-218.402,-95.541,-1593.492,OK,-295.829,-157.584,-1607.067,OK,-217.097,-189.388,-1584.283
3,Port 0x01: JJH Probe  s/n:3E4C880C,935957899,1782824898.318596095,1,Too Few Markers,-3.697314E28,-3.697314E28,-3.697314E28,-3.697314E28,-3.697314E28,-3.697314E28,-3.697314E28,0.0000000,3,Missing,-3.697314E28,-3.697314E28,-3.697314E28,Missing,-3.697314E28,-3.697314E28,-3.697314E28,Missing,-3.697314E28,-3.697314E28,-3.697314E28,Port 0x02: JJH T tibia tracker  s/n:3E4C8800,935957899,1782824898.318596095,1,OK,0.8598440,-0.0831040,-0.2067815,0.4593511,-0.823,-101.001,-1555.929,0.1925077,3,OK,-0.751,-101.147,-1555.902,OK,49.976,-179.911,-1535.689,OK,-44.885,-174.949,-1580.923,Port 0x03: JJH Y femur tracker  s/n:3E4C8801,935957899,1782824898.318596095,1,OK,0.6915081,-0.1047428,-0.0369331,0.7137797,-219.395,-96.341,-1588.613,0.4817642,3,OK,-219.225,-95.710,-1588.638,OK,-297.038,-157.853,-1598.772,OK,-217.407,-189.524,-1579.401
3,Port 0x01: JJH Probe  s/n:3E4C880C,935957902,1782824898.368557430,1,Too Few Markers,-3.697314E28,-3.697314E28,-3.697314E28,-3.697314E28,-3.697314E28,-3.697314E28,-3.697314E28,0.0000000,3,Missing,-3.697314E28,-3.697314E28,-3.697314E28,Missing,-3.697314E28,-3.697314E28,-3.697314E28,Missing,-3.697314E28,-3.697314E28,-3.697314E28,Port 0x02: JJH T tibia tracker  s/n:3E4C8800,935957902,1782824898.368557430,1,OK,0.8595724,-0.0848429,-0.2060219,0.4598826,-0.764,-100.729,-1555.382,0.2015506,3,OK,-0.682,-100.886,-1555.350,OK,50.048,-179.529,-1534.817,OK,-44.796,-174.791,-1580.099,Port 0x03: JJH Y femur tracker  s/n:3E4C8801,935957902,1782824898.368557430,1,OK,0.6913949,-0.0899236,-0.0221974,0.7165152,-219.967,-96.656,-1583.865,0.4889884,3,OK,-219.795,-96.012,-1583.898,OK,-297.837,-158.335,-1590.700,OK,-217.423,-189.831,-1574.680
3,Port 0x01: JJH Probe  s/n:3E4C880C,935957905,1782824898.418557430,1,Too Few Markers,-3.697314E28,-3.697314E28,-3.697314E28,-3.697314E28,-3.697314E28,-3.697314E28,-3.697314E28,0.0000000,3,Missing,-3.697314E28,-3.697314E28,-3.697314E28,Missing,-3.697314E28,-3.697314E28,-3.697314E28,Missing,-3.697314E28,-3.697314E28,-3.697314E28,Port 0x02: JJH T tibia tracker  s/n:3E4C8800,935957905,1782824898.418557430,1,OK,0.8593409,-0.0860155,-0.2055049,0.4603285,-0.534,-100.795,-1555.093,0.1955883,3,OK,-0.453,-100.941,-1555.060,OK,50.308,-179.524,-1534.302,OK,-44.534,-174.947,-1579.620,Port 0x03: JJH Y femur tracker  s/n:3E4C8801,935957905,1782824898.418557430,1,OK,0.6913486,-0.0750799,-0.0079779,0.7185656,-220.312,-96.745,-1579.142,0.4890021,3,OK,-220.140,-96.097,-1579.182,OK,-298.316,-158.513,-1582.756,OK,-217.321,-189.911,-1570.079
3,Port 0x01: JJH Probe  s/n:3E4C880C,935957908,1782824898.468557430,1,Too Few Markers,-3.697314E28,-3.697314E28,-3.697314E28,-3.697314E28,-3.697314E28,-3.697314E28,-3.697314E28,0.0000000,3,Missing,-3.697314E28,-3.697314E28,-3.697314E28,Missing,-3.697314E28,-3.697314E28,-3.697314E28,Missing,-3.697314E28,-3.697314E28,-3.697314E28,Port 0x02: JJH T tibia tracker  s/n:3E4C8800,935957908,1782824898.468557430,1,OK,0.8593456,-0.0861708,-0.2056319,0.4602339,-0.437,-100.750,-1555.166,0.1898485,3,OK,-0.360,-100.900,-1555.136,OK,50.392,-179.489,-1534.343,OK,-44.449,-174.889,-1579.704,Port 0x03: JJH Y femur tracker  s/n:3E4C8801,935957908,1782824898.468557430,1,OK,0.6906117,-0.0610482,0.0066969,0.7206135,-220.427,-97.092,-1574.537,0.4915142,3,OK,-220.263,-96.440,-1574.586,OK,-298.378,-159.013,-1574.858,OK,-216.898,-190.239,-1565.437
3,Port 0x01: JJH Probe  s/n:3E4C880C,935957911,1782824898.518557431,1,Too Few Markers,-3.697314E28,-3.697314E28,-3.697314E28,-3.697314E28,-3.697314E28,-3.697314E28,-3.697314E28,0.0000000,3,Missing,-3.697314E28,-3.697314E28,-3.697314E28,Missing,-3.697314E28,-3.697314E28,-3.697314E28,Missing,-3.697314E28,-3.697314E28,-3.697314E28,Port 0x02: JJH T tibia tracker  s/n:3E4C8800,935957911,1782824898.518557431,1,OK,0.8595657,-0.0850791,-0.2059567,0.4598806,-0.454,-100.681,-1555.355,0.2005694,3,OK,-0.375,-100.838,-1555.325,OK,50.349,-179.478,-1534.747,OK,-44.490,-174.746,-1580.042,Port 0x03: JJH Y femur tracker  s/n:3E4C8801,935957911,1782824898.518557431,1,OK,0.6898328,-0.0460479,0.0211539,0.7221930,-220.408,-97.254,-1569.802,0.4878479,3,OK,-220.247,-96.605,-1569.857,OK,-298.201,-159.287,-1566.854,OK,-216.397,-190.385,-1560.844
3,Port 0x01: JJH Probe  s/n:3E4C880C,935957914,1782824898.568615080,1,Too Few Markers,-3.697314E28,-3.697314E28,-3.697314E28,-3.697314E28,-3.697314E28,-3.697314E28,-3.697314E28,0.0000000,3,Missing,-3.697314E28,-3.697314E28,-3.697314E28,Missing,-3.697314E28,-3.697314E28,-3.697314E28,Missing,-3.697314E28,-3.697314E28,-3.697314E28,Port 0x02: JJH T tibia tracker  s/n:3E4C8800,935957914,1782824898.568615080,1,OK,0.8599001,-0.0838702,-0.2064496,0.4592561,-0.323,-100.545,-1555.791,0.1935344,3,OK,-0.255,-100.697,-1555.766,OK,50.430,-179.453,-1535.420,OK,-44.422,-174.499,-1580.673,Port 0x03: JJH Y femur tracker  s/n:3E4C8801,935957914,1782824898.568615080,1,OK,0.6887768,-0.0314147,0.0357079,0.7234118,-220.226,-97.466,-1565.041,0.4915848,3,OK,-220.060,-96.811,-1565.104,OK,-297.753,-159.601,-1558.824,OK,-215.738,-190.578,-1556.178
3,Port 0x01: JJH Probe  s/n:3E4C880C,935957917,1782824898.618615080,1,Too Few Markers,-3.697314E28,-3.697314E28,-3.697314E28,-3.697314E28,-3.697314E28,-3.697314E28,-3.697314E28,0.0000000,3,Missing,-3.697314E28,-3.697314E28,-3.697314E28,Missing,-3.697314E28,-3.697314E28,-3.697314E28,Missing,-3.697314E28,-3.697314E28,-3.697314E28,Port 0x02: JJH T tibia tracker  s/n:3E4C8800,935957917,1782824898.618615080,1,OK,0.8599059,-0.0828261,-0.2074513,0.4589832,-0.284,-100.647,-1556.317,0.1889401,3,OK,-0.201,-100.792,-1556.284,OK,50.466,-179.598,-1536.125,OK,-44.373,-174.551,-1581.454,Port 0x03: JJH Y femur tracker  s/n:3E4C8801,935957917,1782824898.618615080,1,OK,0.6874437,-0.0155128,0.0508187,0.7242913,-219.791,-97.607,-1560.014,0.4893912,3,OK,-219.631,-96.954,-1560.084,OK,-296.891,-159.826,-1550.398,OK,-214.830,-190.711,-1551.360
3,Port 0x01: JJH Probe  s/n:3E4C880C,935957920,1782824898.668615080,1,Too Few Markers,-3.697314E28,-3.697314E28,-3.697314E28,-3.697314E28,-3.697314E28,-3.697314E28,-3.697314E28,0.0000000,3,Missing,-3.697314E28,-3.697314E28,-3.697314E28,Missing,-3.697314E28,-3.697314E28,-3.697314E28,Missing,-3.697314E28,-3.697314E28,-3.697314E28,Port 0x02: JJH T tibia tracker  s/n:3E4C8800,935957920,1782824898.668615080,1,OK,0.8599101,-0.0835084,-0.2071910,0.4589693,-0.260,-100.546,-1556.531,0.1862235,3,OK,-0.196,-100.690,-1556.507,OK,50.459,-179.502,-1536.219,OK,-44.354,-174.457,-1581.563,Port 0x03: JJH Y femur tracker  s/n:3E4C8801,935957920,1782824898.668615080,1,OK,0.6855531,-0.0003019,0.0664198,0.7249864,-219.133,-97.789,-1554.851,0.4868703,3,OK,-218.974,-97.139,-1554.929,OK,-295.640,-160.117,-1541.773,OK,-213.636,-190.865,-1546.271
3,Port 0x01: JJH Probe  s/n:3E4C880C,935957923,1782824898.718615080,1,Too Few Markers,-3.697314E28,-3.697314E28,-3.697314E28,-3.697314E28,-3.697314E28,-3.697314E28,-3.697314E28,0.0000000,3,Missing,-3.697314E28,-3.697314E28,-3.697314E28,Missing,-3.697314E28,-3.697314E28,-3.697314E28,Missing,-3.697314E28,-3.697314E28,-3.697314E28,Port 0x02: JJH T tibia tracker  s/n:3E4C8800,935957923,1782824898.718615080,1,OK,0.8594690,-0.0865021,-0.2060034,0.4597750,-0.131,-100.407,-1556.048,0.1943421,3,OK,-0.074,-100.578,-1556.029,OK,50.606,-179.202,-1535.172,OK,-44.176,-174.476,-1580.619,Port 0x03: JJH Y femur tracker  s/n:3E4C8801,935957923,1782824898.718615080,1,OK,0.6834009,0.0165977,0.0829130,0.7251298,-218.276,-97.855,-1549.588,0.4774097,3,OK,-218.119,-97.218,-1549.673,OK,-294.015,-160.254,-1532.855,OK,-212.277,-190.905,-1541.215
3,Port 0x01: JJH Probe  s/n:3E4C880C,935957926,1782824898.768655318,1,Too Few Markers,-3.697314E28,-3.697314E28,-3.697314E28,-3.697314E28,-3.697314E28,-3.697314E28,-3.697314E28,0.0000000,3,Missing,-3.697314E28,-3.697314E28,-3.697314E28,Missing,-3.697314E28,-3.697314E28,-3.697314E28,Missing,-3.697314E28,-3.697314E28,-3.697314E28,Port 0x02: JJH T tibia tracker  s/n:3E4C8800,935957926,1782824898.768655318,1,OK,0.8583952,-0.0914800,-0.2040187,0.4616986,-0.040,-100.513,-1554.843,0.1891205,3,OK,0.030,-100.659,-1554.814,OK,50.812,-178.969,-1533.012,OK,-43.920,-174.966,-1578.631,Port 0x03: JJH Y femur tracker  s/n:3E4C8801,935957926,1782824898.768655318,1,OK,0.6804567,0.0329309,0.0991570,0.7253014,-217.040,-98.204,-1544.327,0.4774337,3,OK,-216.882,-97.568,-1544.421,OK,-291.774,-160.767,-1524.034,OK,-210.447,-191.223,-1536.142
3,Port 0x01: JJH Probe  s/n:3E4C880C,935957929,1782824898.818655317,1,Too Few Markers,-3.697314E28,-3.697314E28,-3.697314E28,-3.697314E28,-3.697314E28,-3.697314E28,-3.697314E28,0.0000000,3,Missing,-3.697314E28,-3.697314E28,-3.697314E28,Missing,-3.697314E28,-3.697314E28,-3.697314E28,Missing,-3.697314E28,-3.697314E28,-3.697314E28,Port 0x02: JJH T tibia tracker  s/n:3E4C8800,935957929,1782824898.818655317,1,OK,0.8573189,-0.0981260,-0.2015209,0.4634273,0.097,-100.199,-1553.502,0.1682894,3,OK,0.157,-100.345,-1553.476,OK,50.997,-178.296,-1530.412,OK,-43.698,-175.017,-1576.295,Port 0x03: JJH Y femur tracker  s/n:3E4C8801,935957929,1782824898.818655317,1,OK,0.6773031,0.0485976,0.1153066,0.7249849,-215.611,-98.322,-1539.187,0.4713186,3,OK,-215.445,-97.695,-1539.292,OK,-289.229,-161.004,-1515.403,OK,-208.450,-191.293,-1531.134
3,Port 0x01: JJH Probe  s/n:3E4C880C,935957932,1782824898.868655317,1,Too Few Markers,-3.697314E28,-3.697314E28,-3.697314E28,-3.697314E28,-3.697314E28,-3.697314E28,-3.697314E28,0.0000000,3,Missing,-3.697314E28,-3.697314E28,-3.697314E28,Missing,-3.697314E28,-3.697314E28,-3.697314E28,Missing,-3.697314E28,-3.697314E28,-3.697314E28,Port 0x02: JJH T tibia tracker  s/n:3E4C8800,935957932,1782824898.868655317,1,OK,0.8560344,-0.1056910,-0.1978280,0.4657237,0.044,-99.926,-1551.351,0.1753559,3,OK,0.098,-100.083,-1551.325,OK,51.029,-177.535,-1526.856,OK,-43.625,-175.181,-1572.853,Port 0x03: JJH Y femur tracker  s/n:3E4C8801,935957932,1782824898.868655317,1,OK,0.6738262,0.0650444,0.1309777,0.7242737,-213.971,-98.575,-1534.069,0.4605801,3,OK,-213.806,-97.964,-1534.181,OK,-286.324,-161.380,-1506.909,OK,-206.265,-191.517,-1526.338
3,Port 0x01: JJH Probe  s/n:3E4C880C,935957935,1782824898.918655317,1,Too Few Markers,-3.697314E28,-3.697314E28,-3.697314E28,-3.697314E28,-3.697314E28,-3.697314E28,-3.697314E28,0.0000000,3,Missing,-3.697314E28,-3.697314E28,-3.697314E28,Missing,-3.697314E28,-3.697314E28,-3.697314E28,Missing,-3.697314E28,-3.697314E28,-3.697314E28,Port 0x02: JJH T tibia tracker  s/n:3E4C8800,935957935,1782824898.918655317,1,OK,0.8549270,-0.1114575,-0.1951256,0.4675501,0.067,-99.623,-1549.910,0.1845221,3,OK,0.125,-99.777,-1549.880,OK,51.117,-176.828,-1524.349,OK,-43.476,-175.220,-1570.435,Port 0x03: JJH Y femur tracker  s/n:3E4C8801,935957935,1782824898.918655317,1,OK,0.6700712,0.0799604,0.1460984,0.7233714,-212.238,-98.754,-1529.365,0.4683341,3,OK,-212.056,-98.136,-1529.493,OK,-283.228,-161.699,-1499.010,OK,-203.996,-191.651,-1521.834
3,Port 0x01: JJH Probe  s/n:3E4C880C,935957938,1782824898.968694706,1,Too Few Markers,-3.697314E28,-3.697314E28,-3.697314E28,-3.697314E28,-3.697314E28,-3.697314E28,-3.697314E28,0.0000000,3,Missing,-3.697314E28,-3.697314E28,-3.697314E28,Missing,-3.697314E28,-3.697314E28,-3.697314E28,Missing,-3.697314E28,-3.697314E28,-3.697314E28,Port 0x02: JJH T tibia tracker  s/n:3E4C8800,935957938,1782824898.968694706,1,OK,0.8534858,-0.1185048,-0.1920002,0.4697388,0.254,-99.679,-1548.503,0.1776439,3,OK,0.307,-99.838,-1548.473,OK,51.410,-176.380,-1521.625,OK,-43.145,-175.662,-1567.865,Port 0x03: JJH Y femur tracker  s/n:3E4C8801,935957938,1782824898.968694706,1,OK,0.6663574,0.0942671,0.1602833,0.7220739,-210.381,-98.853,-1524.929,0.4611340,3,OK,-210.198,-98.247,-1525.067,OK,-279.968,-161.886,-1491.616,OK,-201.671,-191.711,-1517.643
3,Port 0x01: JJH Probe  s/n:3E4C880C,935957941,1782824899.018694706,1,Too Few Markers,-3.697314E28,-3.697314E28,-3.697314E28,-3.697314E28,-3.697314E28,-3.697314E28,-3.697314E28,0.0000000,3,Missing,-3.697314E28,-3.697314E28,-3.697314E28,Missing,-3.697314E28,-3.697314E28,-3.697314E28,Missing,-3.697314E28,-3.697314E28,-3.697314E28,Port 0x02: JJH T tibia tracker  s/n:3E4C8800,935957941,1782824899.018694706,1,OK,0.8523474,-0.1239365,-0.1901134,0.4711694,0.217,-99.517,-1547.565,0.1610742,3,OK,0.247,-99.670,-1547.545,OK,51.419,-175.863,-1519.665,OK,-43.071,-175.751,-1566.111,Port 0x03: JJH Y femur tracker  s/n:3E4C8801,935957941,1782824899.018694706,1,OK,0.6625110,0.1076320,0.1732573,0.7207471,-208.411,-99.038,-1520.854,0.4593688,3,OK,-208.224,-98.439,-1521.002,OK,-276.575,-162.189,-1484.870,OK,-199.241,-191.862,-1513.855
3,Port 0x01: JJH Probe  s/n:3E4C880C,935957944,1782824899.068694706,1,Too Few Markers,-3.697314E28,-3.697314E28,-3.697314E28,-3.697314E28,-3.697314E28,-3.697314E28,-3.697314E28,0.0000000,3,Missing,-3.697314E28,-3.697314E28,-3.697314E28,Missing,-3.697314E28,-3.697314E28,-3.697314E28,Missing,-3.697314E28,-3.697314E28,-3.697314E28,Port 0x02: JJH T tibia tracker  s/n:3E4C8800,935957944,1782824899.068694706,1,OK,0.8518892,-0.1266121,-0.1888567,0.4717916,-0.014,-99.241,-1546.909,0.1704744,3,OK,-0.000,-99.408,-1546.896,OK,51.189,-175.415,-1518.524,OK,-43.266,-175.574,-1565.001,Port 0x03: JJH Y femur tracker  s/n:3E4C8801,935957944,1782824899.068694706,1,OK,0.6586374,0.1198437,0.1860252,0.7191863,-206.502,-99.174,-1517.158,0.4618680,3,OK,-206.300,-98.580,-1517.324,OK,-273.216,-162.404,-1478.597,OK,-196.886,-191.945,-1510.326
3,Port 0x01: JJH Probe  s/n:3E4C880C,935957947,1782824899.118694706,1,Too Few Markers,-3.697314E28,-3.697314E28,-3.697314E28,-3.697314E28,-3.697314E28,-3.697314E28,-3.697314E28,0.0000000,3,Missing,-3.697314E28,-3.697314E28,-3.697314E28,Missing,-3.697314E28,-3.697314E28,-3.697314E28,Missing,-3.697314E28,-3.697314E28,-3.697314E28,Port 0x02: JJH T tibia tracker  s/n:3E4C8800,935957947,1782824899.118694706,1,OK,0.8515262,-0.1267329,-0.1893731,0.4722073,-0.112,-99.241,-1547.119,0.1613491,3,OK,-0.081,-99.395,-1547.098,OK,51.148,-175.351,-1518.684,OK,-43.274,-175.643,-1565.264,Port 0x03: JJH Y femur tracker  s/n:3E4C8801,935957947,1782824899.118694706,1,OK,0.6548735,0.1310862,0.1974574,0.7176124,-204.682,-99.269,-1513.854,0.4688920,3,OK,-204.469,-98.675,-1514.036,OK,-269.990,-162.585,-1473.017,OK,-194.661,-192.000,-1507.228
3,Port 0x01: JJH Probe  s/n:3E4C880C,935957950,1782824899.168694706,1,Too Few Markers,-3.697314E28,-3.697314E28,-3.697314E28,-3.697314E28,-3.697314E28,-3.697314E28,-3.697314E28,0.0000000,3,Missing,-3.697314E28,-3.697314E28,-3.697314E28,Missing,-3.697314E28,-3.697314E28,-3.697314E28,Missing,-3.697314E28,-3.697314E28,-3.697314E28,Port 0x02: JJH T tibia tracker  s/n:3E4C8800,935957950,1782824899.168694706,1,OK,0.8518857,-0.1256069,-0.1895132,0.4718034,-0.596,-99.108,-1547.380,0.1736484,3,OK,-0.559,-99.256,-1547.355,OK,50.621,-175.308,-1519.175,OK,-43.801,-175.452,-1565.654,Port 0x03: JJH Y femur tracker  s/n:3E4C8801,935957950,1782824899.168694706,1,OK,0.6510375,0.1423106,0.2084202,0.7158623,-202.632,-99.396,-1510.479,0.4601878,3,OK,-202.424,-98.817,-1510.667,OK,-266.478,-162.788,-1467.499,OK,-192.245,-192.094,-1504.119
3,Port 0x01: JJH Probe  s/n:3E4C880C,935957953,1782824899.218694706,1,Too Few Markers,-3.697314E28,-3.697314E28,-3.697314E28,-3.697314E28,-3.697314E28,-3.697314E28,-3.697314E28,0.0000000,3,Missing,-3.697314E28,-3.697314E28,-3.697314E28,Missing,-3.697314E28,-3.697314E28,-3.697314E28,Missing,-3.697314E28,-3.697314E28,-3.697314E28,Port 0x02: JJH T tibia tracker  s/n:3E4C8800,935957953,1782824899.218694706,1,OK,0.8528877,-0.1206912,-0.1924041,0.4701031,-1.507,-98.471,-1548.419,0.1632144,3,OK,-1.468,-98.629,-1548.395,OK,49.628,-175.061,-1521.103,OK,-44.827,-174.532,-1567.635,Port 0x03: JJH Y femur tracker  s/n:3E4C8801,935957953,1782824899.218694706,1,OK,0.6469274,0.1534193,0.2201413,0.7137823,-200.470,-99.414,-1507.129,0.4626580,3,OK,-200.257,-98.839,-1507.333,OK,-262.734,-162.846,-1461.902,OK,-189.700,-192.063,-1500.939
3,Port 0x01: JJH Probe  s/n:3E4C880C,935957956,1782824899.268694706,1,Too Few Markers,-3.697314E28,-3.697314E28,-3.697314E28,-3.697314E28,-3.697314E28,-3.697314E28,-3.697314E28,0.0000000,3,Missing,-3.697314E28,-3.697314E28,-3.697314E28,Missing,-3.697314E28,-3.697314E28,-3.697314E28,Missing,-3.697314E28,-3.697314E28,-3.697314E28,Port 0x02: JJH T tibia tracker  s/n:3E4C8800,935957956,1782824899.268694706,1,OK,0.8524706,-0.1194000,-0.1934243,0.4707701,-1.273,-98.333,-1549.195,0.1636390,3,OK,-1.219,-98.475,-1549.165,OK,50.009,-174.879,-1522.073,OK,-44.411,-174.458,-1568.648,Port 0x03: JJH Y femur tracker  s/n:3E4C8801,935957956,1782824899.268694706,1,OK,0.6424853,0.1648890,0.2317935,0.7115448,-198.316,-99.510,-1504.019,0.4694021,3,OK,-198.092,-98.940,-1504.241,OK,-258.904,-163.009,-1456.588,OK,-187.146,-192.112,-1498.080
3,Port 0x01: JJH Probe  s/n:3E4C880C,935957959,1782824899.318694706,1,Too Few Markers,-3.697314E28,-3.697314E28,-3.697314E28,-3.697314E28,-3.697314E28,-3.697314E28,-3.697314E28,0.0000000,3,Missing,-3.697314E28,-3.697314E28,-3.697314E28,Missing,-3.697314E28,-3.697314E28,-3.697314E28,Missing,-3.697314E28,-3.697314E28,-3.697314E28,Port 0x02: JJH T tibia tracker  s/n:3E4C8800,935957959,1782824899.318694706,1,OK,0.8490421,-0.1377828,-0.1846539,0.4754433,-0.749,-97.593,-1544.235,0.1544711,3,OK,-0.705,-97.746,-1544.203,OK,50.635,-172.823,-1513.764,OK,-43.702,-174.544,-1560.572,Port 0x03: JJH Y femur tracker  s/n:3E4C8801,935957959,1782824899.318694706,1,OK,0.6383939,0.1748991,0.2417934,0.7095065,-196.156,-99.560,-1501.112,0.4555070,3,OK,-195.942,-99.006,-1501.338,OK,-255.169,-163.127,-1451.860,OK,-184.660,-192.117,-1495.410
3,Port 0x01: JJH Probe  s/n:3E4C880C,935957962,1782824899.368694706,1,Too Few Markers,-3.697314E28,-3.697314E28,-3.697314E28,-3.697314E28,-3.697314E28,-3.697314E28,-3.697314E28,0.0000000,3,Missing,-3.697314E28,-3.697314E28,-3.697314E28,Missing,-3.697314E28,-3.697314E28,-3.697314E28,Missing,-3.697314E28,-3.697314E28,-3.697314E28,Port 0x02: JJH T tibia tracker  s/n:3E4C8800,935957962,1782824899.368694706,1,OK,0.8472909,-0.1481992,-0.1797215,0.4773210,-0.793,-96.906,-1541.443,0.1295670,3,OK,-0.770,-97.045,-1541.419,OK,50.544,-171.437,-1509.105,OK,-43.759,-174.198,-1556.042,Port 0x03: JJH Y femur tracker  s/n:3E4C8801,935957962,1782824899.368694706,1,OK,0.6341595,0.1848058,0.2512100,0.7075182,-194.055,-99.685,-1498.479,0.4507284,3,OK,-193.846,-99.143,-1498.711,OK,-251.511,-163.354,-1447.527,OK,-182.207,-192.208,-1493.104
3,Port 0x01: JJH Probe  s/n:3E4C880C,935957965,1782824899.418694706,1,Too Few Markers,-3.697314E28,-3.697314E28,-3.697314E28,-3.697314E28,-3.697314E28,-3.697314E28,-3.697314E28,0.0000000,3,Missing,-3.697314E28,-3.697314E28,-3.697314E28,Missing,-3.697314E28,-3.697314E28,-3.697314E28,Missing,-3.697314E28,-3.697314E28,-3.697314E28,Port 0x02: JJH T tibia tracker  s/n:3E4C8800,935957965,1782824899.418694706,1,OK,0.8468503,-0.1508779,-0.1778826,0.4779522,-0.900,-96.525,-1540.825,0.1425323,3,OK,-0.886,-96.669,-1540.804,OK,50.440,-170.847,-1508.029,OK,-43.851,-173.902,-1554.872,Port 0x03: JJH Y femur tracker  s/n:3E4C8801,935957965,1782824899.418694706,1,OK,0.6305668,0.1930040,0.2595308,0.7055343,-192.244,-99.754,-1496.394,0.4639035,3,OK,-192.028,-99.204,-1496.644,OK,-248.342,-163.471,-1443.961,OK,-180.125,-192.247,-1491.219
3,Port 0x01: JJH Probe  s/n:3E4C880C,935957968,1782824899.468694706,1,Too Few Markers,-3.697314E28,-3.697314E28,-3.697314E28,-3.697314E28,-3.697314E28,-3.697314E28,-3.697314E28,0.0000000,3,Missing,-3.697314E28,-3.697314E28,-3.697314E28,Missing,-3.697314E28,-3.697314E28,-3.697314E28,Missing,-3.697314E28,-3.697314E28,-3.697314E28,Port 0x02: JJH T tibia tracker  s/n:3E4C8800,935957968,1782824899.468694706,1,OK,0.8454487,-0.1558581,-0.1763031,0.4794184,-1.011,-95.819,-1539.199,0.1197579,3,OK,-0.989,-95.962,-1539.173,OK,50.413,-169.689,-1505.468,OK,-43.859,-173.421,-1552.518,Port 0x03: JJH Y femur tracker  s/n:3E4C8801,935957968,1782824899.468694706,1,OK,0.6275946,0.2002385,0.2658443,0.7038156,-190.631,-99.806,-1494.544,0.4516696,3,OK,-190.433,-99.266,-1494.785,OK,-245.601,-163.568,-1441.014,OK,-178.334,-192.301,-1489.668
3,Port 0x01: JJH Probe  s/n:3E4C880C,935957971,1782824899.518694706,1,Too Few Markers,-3.697314E28,-3.697314E28,-3.697314E28,-3.697314E28,-3.697314E28,-3.697314E28,-3.697314E28,0.0000000,3,Missing,-3.697314E28,-3.697314E28,-3.697314E28,Missing,-3.697314E28,-3.697314E28,-3.697314E28,Missing,-3.697314E28,-3.697314E28,-3.697314E28,Port 0x02: JJH T tibia tracker  s/n:3E4C8800,935957971,1782824899.518694706,1,OK,0.8443735,-0.1582935,-0.1749159,0.4810208,-0.996,-95.125,-1538.093,0.1135207,3,OK,-0.969,-95.248,-1538.066,OK,50.602,-168.660,-1503.906,OK,-43.648,-172.928,-1550.908,Port 0x03: JJH Y femur tracker  s/n:3E4C8801,935957971,1782824899.518694706,1,OK,0.6248260,0.2065032,0.2721614,0.7020521,-189.173,-99.842,-1492.845,0.4495549,3,OK,-188.972,-99.313,-1493.096,OK,-243.070,-163.611,-1438.223,OK,-176.703,-192.305,-1488.127
3,Port 0x01: JJH Probe  s/n:3E4C880C,935957974,1782824899.568694706,1,Too Few Markers,-3.697314E28,-3.697314E28,-3.697314E28,-3.697314E28,-3.697314E28,-3.697314E28,-3.697314E28,0.0000000,3,Missing,-3.697314E28,-3.697314E28,-3.697314E28,Missing,-3.697314E28,-3.697314E28,-3.697314E28,Missing,-3.697314E28,-3.697314E28,-3.697314E28,Port 0x02: JJH T tibia tracker  s/n:3E4C8800,935957974,1782824899.568694706,1,OK,0.8431993,-0.1639433,-0.1718104,0.4823056,-1.096,-94.506,-1536.304,0.1220511,3,OK,-1.069,-94.638,-1536.274,OK,50.515,-167.555,-1501.132,OK,-43.715,-172.482,-1548.086,Port 0x03: JJH Y femur tracker  s/n:3E4C8801,935957974,1782824899.568694706,1,OK,0.6216055,0.2127180,0.2788694,0.7004209,-187.663,-99.924,-1491.255,0.4576223,3,OK,-187.458,-99.391,-1491.519,OK,-240.370,-163.738,-1435.506,OK,-174.933,-192.350,-1486.669
3,Port 0x01: JJH Probe  s/n:3E4C880C,935957977,1782824899.618694706,1,Too Few Markers,-3.697314E28,-3.697314E28,-3.697314E28,-3.697314E28,-3.697314E28,-3.697314E28,-3.697314E28,0.0000000,3,Missing,-3.697314E28,-3.697314E28,-3.697314E28,Missing,-3.697314E28,-3.697314E28,-3.697314E28,Missing,-3.697314E28,-3.697314E28,-3.697314E28,Port 0x02: JJH T tibia tracker  s/n:3E4C8800,935957977,1782824899.618694706,1,OK,0.8419304,-0.1692465,-0.1688473,0.4837349,-0.856,-94.079,-1534.955,0.1358690,3,OK,-0.840,-94.230,-1534.926,OK,50.807,-166.634,-1498.855,OK,-43.392,-172.216,-1545.743,Port 0x03: JJH Y femur tracker  s/n:3E4C8801,935957977,1782824899.618694706,1,OK,0.6184707,0.2191696,0.2852371,0.6986405,-185.974,-99.967,-1489.661,0.4468638,3,OK,-185.774,-99.449,-1489.928,OK,-237.489,-163.822,-1432.875,OK,-173.054,-192.354,-1485.263
3,Port 0x01: JJH Probe  s/n:3E4C880C,935957980,1782824899.668694706,1,Too Few Markers,-3.697314E28,-3.697314E28,-3.697314E28,-3.697314E28,-3.697314E28,-3.697314E28,-3.697314E28,0.0000000,3,Missing,-3.697314E28,-3.697314E28,-3.697314E28,Missing,-3.697314E28,-3.697314E28,-3.697314E28,Missing,-3.697314E28,-3.697314E28,-3.697314E28,Port 0x02: JJH T tibia tracker  s/n:3E4C8800,935957980,1782824899.668694706,1,OK,0.8393074,-0.1793878,-0.1641888,0.4862357,-0.747,-93.047,-1531.979,0.1170261,3,OK,-0.725,-93.198,-1531.944,OK,51.014,-164.640,-1494.073,OK,-43.177,-171.495,-1541.051,Port 0x03: JJH Y femur tracker  s/n:3E4C8801,935957980,1782824899.668694706,1,OK,0.6151626,0.2261623,0.2917727,0.6966306,-184.391,-99.973,-1488.054,0.4599099,3,OK,-184.190,-99.447,-1488.333,OK,-234.683,-163.869,-1430.184,OK,-171.270,-192.354,-1483.923
3,Port 0x01: JJH Probe  s/n:3E4C880C,935957983,1782824899.718694706,1,Too Few Markers,-3.697314E28,-3.697314E28,-3.697314E28,-3.697314E28,-3.697314E28,-3.697314E28,-3.697314E28,0.0000000,3,Missing,-3.697314E28,-3.697314E28,-3.697314E28,Missing,-3.697314E28,-3.697314E28,-3.697314E28,Missing,-3.697314E28,-3.697314E28,-3.697314E28,Port 0x02: JJH T tibia tracker  s/n:3E4C8800,935957983,1782824899.718694706,1,OK,0.8376843,-0.1858831,-0.1604193,0.4878506,-0.784,-92.215,-1529.914,0.1085232,3,OK,-0.761,-92.354,-1529.878,OK,51.039,-163.168,-1490.892,OK,-43.155,-170.839,-1537.753,Port 0x03: JJH Y femur tracker  s/n:3E4C8801,935957983,1782824899.718694706,1,OK,0.6123493,0.2317576,0.2975458,0.6948261,-182.938,-100.056,-1486.701,0.4488948,3,OK,-182.744,-99.546,-1486.980,OK,-232.148,-163.947,-1427.911,OK,-169.655,-192.405,-1482.712
3,Port 0x01: JJH Probe  s/n:3E4C880C,935957986,1782824899.768694706,1,Too Few Markers,-3.697314E28,-3.697314E28,-3.697314E28,-3.697314E28,-3.697314E28,-3.697314E28,-3.697314E28,0.0000000,3,Missing,-3.697314E28,-3.697314E28,-3.697314E28,Missing,-3.697314E28,-3.697314E28,-3.697314E28,Missing,-3.697314E28,-3.697314E28,-3.697314E28,Port 0x02: JJH T tibia tracker  s/n:3E4C8800,935957986,1782824899.768694706,1,OK,0.8364910,-0.1904612,-0.1574301,0.4891044,-0.835,-91.578,-1528.351,0.1092364,3,OK,-0.812,-91.719,-1528.313,OK,51.065,-162.044,-1488.550,OK,-43.161,-170.313,-1535.266,Port 0x03: JJH Y femur tracker  s/n:3E4C8801,935957986,1782824899.768694706,1,OK,0.6097741,0.2370616,0.3021748,0.6933020,-181.539,-100.127,-1485.371,0.4355173,3,OK,-181.357,-99.626,-1485.643,OK,-229.786,-164.065,-1425.874,OK,-168.137,-192.466,-1481.612
3,Port 0x01: JJH Probe  s/n:3E4C880C,935957989,1782824899.818694706,1,Too Few Markers,-3.697314E28,-3.697314E28,-3.697314E28,-3.697314E28,-3.697314E28,-3.697314E28,-3.697314E28,0.0000000,3,Missing,-3.697314E28,-3.697314E28,-3.697314E28,Missing,-3.697314E28,-3.697314E28,-3.697314E28,Missing,-3.697314E28,-3.697314E28,-3.697314E28,Port 0x02: JJH T tibia tracker  s/n:3E4C8800,935957989,1782824899.818694706,1,OK,0.8351484,-0.1956411,-0.1533906,0.4906353,-0.895,-90.630,-1526.431,0.1248109,3,OK,-0.870,-90.778,-1526.388,OK,51.100,-160.508,-1485.787,OK,-43.149,-169.475,-1532.182,Port 0x03: JJH Y femur tracker  s/n:3E4C8801,935957989,1782824899.818694706,1,OK,0.6071935,0.2420545,0.3071265,0.6916639,-180.229,-100.049,-1484.135,0.4268239,3,OK,-180.052,-99.560,-1484.407,OK,-227.495,-163.998,-1423.881,OK,-166.692,-192.364,-1480.529
3,Port 0x01: JJH Probe  s/n:3E4C880C,935957992,1782824899.868694706,1,Too Few Markers,-3.697314E28,-3.697314E28,-3.697314E28,-3.697314E28,-3.697314E28,-3.697314E28,-3.697314E28,0.0000000,3,Missing,-3.697314E28,-3.697314E28,-3.697314E28,Missing,-3.697314E28,-3.697314E28,-3.697314E28,Missing,-3.697314E28,-3.697314E28,-3.697314E28,Port 0x02: JJH T tibia tracker  s/n:3E4C8800,935957992,1782824899.868694706,1,OK,0.8329324,-0.2026620,-0.1499822,0.4926023,-0.803,-89.627,-1524.129,0.1130924,3,OK,-0.767,-89.769,-1524.079,OK,51.317,-158.710,-1482.263,OK,-42.942,-168.656,-1528.641,Port 0x03: JJH Y femur tracker  s/n:3E4C8801,935957992,1782824899.868694706,1,OK,0.6044084,0.2470645,0.3124452,0.6899476,-178.837,-100.155,-1483.045,0.4353273,3,OK,-178.650,-99.669,-1483.336,OK,-225.062,-164.122,-1421.973,OK,-165.135,-192.426,-1479.561
3,Port 0x01: JJH Probe  s/n:3E4C880C,935957995,1782824899.918694706,1,Too Few Markers,-3.697314E28,-3.697314E28,-3.697314E28,-3.697314E28,-3.697314E28,-3.697314E28,-3.697314E28,0.0000000,3,Missing,-3.697314E28,-3.697314E28,-3.697314E28,Missing,-3.697314E28,-3.697314E28,-3.697314E28,Missing,-3.697314E28,-3.697314E28,-3.697314E28,Port 0x02: JJH T tibia tracker  s/n:3E4C8800,935957995,1782824899.918694706,1,OK,0.8303148,-0.2118646,-0.1448753,0.4946735,-0.697,-88.270,-1521.649,0.0921952,3,OK,-0.676,-88.389,-1521.609,OK,51.496,-156.371,-1478.233,OK,-42.737,-167.431,-1524.438,Port 0x03: JJH Y femur tracker  s/n:3E4C8801,935957995,1782824899.918694706,1,OK,0.6016663,0.2525433,0.3172132,0.6881827,-177.354,-100.069,-1481.824,0.4220192,3,OK,-177.182,-99.592,-1482.105,OK,-222.551,-164.071,-1420.060,OK,-163.550,-192.335,-1478.581
3,Port 0x01: JJH Probe  s/n:3E4C880C,935957998,1782824899.968694702,1,Too Few Markers,-3.697314E28,-3.697314E28,-3.697314E28,-3.697314E28,-3.697314E28,-3.697314E28,-3.697314E28,0.0000000,3,Missing,-3.697314E28,-3.697314E28,-3.697314E28,Missing,-3.697314E28,-3.697314E28,-3.697314E28,Missing,-3.697314E28,-3.697314E28,-3.697314E28,Port 0x02: JJH T tibia tracker  s/n:3E4C8800,935957998,1782824899.968694702,1,OK,0.8273990,-0.2197656,-0.1404987,0.4973672,-0.601,-86.745,-1518.595,0.1108475,3,OK,-0.551,-86.875,-1518.535,OK,51.796,-153.791,-1473.859,OK,-42.410,-166.097,-1519.860,Port 0x03: JJH Y femur tracker  s/n:3E4C8801,935957998,1782824899.968694702,1,OK,0.5986160,0.2581512,0.3226998,0.6862082,-175.857,-100.138,-1480.554,0.4234765,3,OK,-175.685,-99.665,-1480.844,OK,-219.919,-164.159,-1417.982,OK,-161.904,-192.379,-1477.504
3,Port 0x01: JJH Probe  s/n:3E4C880C,935958001,1782824900.018694702,1,Too Few Markers,-3.697314E28,-3.697314E28,-3.697314E28,-3.697314E28,-3.697314E28,-3.697314E28,-3.697314E28,0.0000000,3,Missing,-3.697314E28,-3.697314E28,-3.697314E28,Missing,-3.697314E28,-3.697314E28,-3.697314E28,Missing,-3.697314E28,-3.697314E28,-3.697314E28,Port 0x02: JJH T tibia tracker  s/n:3E4C8800,935958001,1782824900.018694702,1,OK,0.8248523,-0.2260509,-0.1370130,0.4997469,-0.365,-85.407,-1516.601,0.1245140,3,OK,-0.318,-85.559,-1516.534,OK,52.243,-151.570,-1470.813,OK,-41.925,-164.885,-1516.634,Port 0x03: JJH Y femur tracker  s/n:3E4C8801,935958001,1782824900.018694702,1,OK,0.5957413,0.2635166,0.3277903,0.6842550,-174.382,-100.088,-1479.363,0.4242747,3,OK,-174.211,-99.622,-1479.660,OK,-217.376,-164.123,-1416.048,OK,-160.307,-192.307,-1476.516
3,Port 0x01: JJH Probe  s/n:3E4C880C,935958004,1782824900.068694702,1,Too Few Markers,-3.697314E28,-3.697314E28,-3.697314E28,-3.697314E28,-3.697314E28,-3.697314E28,-3.697314E28,0.0000000,3,Missing,-3.697314E28,-3.697314E28,-3.697314E28,Missing,-3.697314E28,-3.697314E28,-3.697314E28,Missing,-3.697314E28,-3.697314E28,-3.697314E28,Port 0x02: JJH T tibia tracker  s/n:3E4C8800,935958004,1782824900.068694702,1,OK,0.8223978,-0.2321111,-0.1340554,0.5018122,-0.087,-84.312,-1514.868,0.1094874,3,OK,-0.061,-84.453,-1514.814,OK,52.687,-149.666,-1468.053,OK,-41.419,-163.892,-1513.779,Port 0x03: JJH Y femur tracker  s/n:3E4C8801,935958004,1782824900.068694702,1,OK,0.5933217,0.2679653,0.3318372,0.6826771,-173.136,-100.121,-1478.397,0.4107888,3,OK,-172.976,-99.668,-1478.685,OK,-215.237,-164.171,-1414.522,OK,-158.959,-192.332,-1475.744
3,Port 0x01: JJH Probe  s/n:3E4C880C,935958007,1782824900.118694702,1,Too Few Markers,-3.697314E28,-3.697314E28,-3.697314E28,-3.697314E28,-3.697314E28,-3.697314E28,-3.697314E28,0.0000000,3,Missing,-3.697314E28,-3.697314E28,-3.697314E28,Missing,-3.697314E28,-3.697314E28,-3.697314E28,Missing,-3.697314E28,-3.697314E28,-3.697314E28,Port 0x02: JJH T tibia tracker  s/n:3E4C8800,935958007,1782824900.118694702,1,OK,0.8211368,-0.2344070,-0.1324202,0.5032421,0.115,-83.648,-1513.965,0.1143370,3,OK,0.147,-83.793,-1513.905,OK,53.057,-148.578,-1466.779,OK,-41.033,-163.313,-1512.334,Port 0x03: JJH Y femur tracker  s/n:3E4C8801,935958007,1782824900.118694702,1,OK,0.5917943,0.2703197,0.3346914,0.6816806,-172.292,-100.132,-1477.784,0.4084798,3,OK,-172.133,-99.680,-1478.075,OK,-213.793,-164.172,-1413.532,OK,-158.039,-192.313,-1475.132
3,Port 0x01: JJH Probe  s/n:3E4C880C,935958010,1782824900.168694702,1,Too Few Markers,-3.697314E28,-3.697314E28,-3.697314E28,-3.697314E28,-3.697314E28,-3.697314E28,-3.697314E28,0.0000000,3,Missing,-3.697314E28,-3.697314E28,-3.697314E28,Missing,-3.697314E28,-3.697314E28,-3.697314E28,Missing,-3.697314E28,-3.697314E28,-3.697314E28,Port 0x02: JJH T tibia tracker  s/n:3E4C8800,935958010,1782824900.168694702,1,OK,0.8204808,-0.2346448,-0.1326845,0.5041308,0.235,-83.264,-1513.423,0.1327129,3,OK,0.299,-83.414,-1513.345,OK,53.294,-148.019,-1466.182,OK,-40.765,-163.040,-1511.764,Port 0x03: JJH Y femur tracker  s/n:3E4C8801,935958010,1782824900.168694702,1,OK,0.5910307,0.2720294,0.3359207,0.6810581,-171.933,-100.129,-1477.489,0.4098061,3,OK,-171.776,-99.681,-1477.780,OK,-213.173,-164.168,-1413.039,OK,-157.657,-192.324,-1474.965
3,Port 0x01: JJH Probe  s/n:3E4C880C,935958013,1782824900.218661715,1,Too Few Markers,-3.697314E28,-3.697314E28,-3.697314E28,-3.697314E28,-3.697314E28,-3.697314E28,-3.697314E28,0.0000000,3,Missing,-3.697314E28,-3.697314E28,-3.697314E28,Missing,-3.697314E28,-3.697314E28,-3.697314E28,Missing,-3.697314E28,-3.697314E28,-3.697314E28,Port 0x02: JJH T tibia tracker  s/n:3E4C8800,935958013,1782824900.218661715,1,OK,0.8204770,-0.2343664,-0.1329243,0.5042033,0.288,-83.362,-1513.825,0.1137200,3,OK,0.326,-83.503,-1513.763,OK,53.370,-148.158,-1466.613,OK,-40.670,-163.137,-1512.218,Port 0x03: JJH Y femur tracker  s/n:3E4C8801,935958013,1782824900.218661715,1,OK,0.5914460,0.2713053,0.3351534,0.6813643,-172.155,-100.088,-1477.616,0.4022630,3,OK,-172.006,-99.634,-1477.896,OK,-213.535,-164.128,-1413.298,OK,-157.907,-192.295,-1475.061
3,Port 0x01: JJH Probe  s/n:3E4C880C,935958016,1782824900.268661715,1,Too Few Markers,-3.697314E28,-3.697314E28,-3.697314E28,-3.697314E28,-3.697314E28,-3.697314E28,-3.697314E28,0.0000000,3,Missing,-3.697314E28,-3.697314E28,-3.697314E28,Missing,-3.697314E28,-3.697314E28,-3.697314E28,Missing,-3.697314E28,-3.697314E28,-3.697314E28,Port 0x02: JJH T tibia tracker  s/n:3E4C8800,935958016,1782824900.268661715,1,OK,0.8213022,-0.2313163,-0.1348655,0.5037527,0.307,-83.802,-1514.720,0.1187091,3,OK,0.343,-83.952,-1514.659,OK,53.397,-148.939,-1467.987,OK,-40.639,-163.587,-1513.716,Port 0x03: JJH Y femur tracker  s/n:3E4C8801,935958016,1782824900.268661715,1,OK,0.5928392,0.2687336,0.3328151,0.6823182,-172.860,-100.063,-1478.167,0.4042090,3,OK,-172.707,-99.610,-1478.448,OK,-214.762,-164.091,-1414.164,OK,-158.656,-192.275,-1475.510
3,Port 0x01: JJH Probe  s/n:3E4C880C,935958019,1782824900.318661715,1,Too Few Markers,-3.697314E28,-3.697314E28,-3.697314E28,-3.697314E28,-3.697314E28,-3.697314E28,-3.697314E28,0.0000000,3,Missing,-3.697314E28,-3.697314E28,-3.697314E28,Missing,-3.697314E28,-3.697314E28,-3.697314E28,Missing,-3.697314E28,-3.697314E28,-3.697314E28,Port 0x02: JJH T tibia tracker  s/n:3E4C8800,935958019,1782824900.318661715,1,OK,0.8235116,-0.2235961,-0.1388640,0.5025437,0.357,-84.769,-1516.677,0.1299026,3,OK,0.407,-84.928,-1516.609,OK,53.462,-150.741,-1471.210,OK,-40.601,-164.551,-1517.056,Port 0x03: JJH Y femur tracker  s/n:3E4C8801,935958019,1782824900.318661715,1,OK,0.5950680,0.2647444,0.3291215,0.6837277,-174.015,-100.011,-1479.041,0.4150441,3,OK,-173.854,-99.547,-1479.326,OK,-216.738,-164.018,-1415.542,OK,-159.905,-192.239,-1476.220
3,Port 0x01: JJH Probe  s/n:3E4C880C,935958022,1782824900.368661715,1,Too Few Markers,-3.697314E28,-3.697314E28,-3.697314E28,-3.697314E28,-3.697314E28,-3.697314E28,-3.697314E28,0.0000000,3,Missing,-3.697314E28,-3.697314E28,-3.697314E28,Missing,-3.697314E28,-3.697314E28,-3.697314E28,Missing,-3.697314E28,-3.697314E28,-3.697314E28,Port 0x02: JJH T tibia tracker  s/n:3E4C8800,935958022,1782824900.368661715,1,OK,0.8262060,-0.2139506,-0.1447317,0.5006610,0.399,-86.207,-1519.906,0.1020017,3,OK,0.421,-86.341,-1519.862,OK,53.480,-153.290,-1475.985,OK,-40.583,-165.930,-1522.156,Port 0x03: JJH Y femur tracker  s/n:3E4C8801,935958022,1782824900.368661715,1,OK,0.5982042,0.2591617,0.3237159,0.6857076,-175.593,-99.963,-1480.222,0.4066240,3,OK,-175.434,-99.503,-1480.496,OK,-219.459,-163.944,-1417.508,OK,-161.646,-192.208,-1477.187
3,Port 0x01: JJH Probe  s/n:3E4C880C,935958025,1782824900.418661715,1,Too Few Markers,-3.697314E28,-3.697314E28,-3.697314E28,-3.697314E28,-3.697314E28,-3.697314E28,-3.697314E28,0.0000000,3,Missing,-3.697314E28,-3.697314E28,-3.697314E28,Missing,-3.697314E28,-3.697314E28,-3.697314E28,Missing,-3.697314E28,-3.697314E28,-3.697314E28,Port 0x02: JJH T tibia tracker  s/n:3E4C8800,935958025,1782824900.418661715,1,OK,0.8290362,-0.2021624,-0.1524913,0.4985737,0.417,-87.618,-1523.211,0.1012354,3,OK,0.438,-87.749,-1523.172,OK,53.467,-155.930,-1481.205,OK,-40.512,-167.260,-1527.814,Port 0x03: JJH Y femur tracker  s/n:3E4C8801,935958025,1782824900.418661715,1,OK,0.6018999,0.2519654,0.3175545,0.6880328,-177.536,-99.970,-1481.825,0.4391650,3,OK,-177.352,-99.481,-1482.123,OK,-222.771,-163.904,-1419.977,OK,-163.730,-192.226,-1478.449
3,Port 0x01: JJH Probe  s/n:3E4C880C,935958028,1782824900.468661715,1,Too Few Markers,-3.697314E28,-3.697314E28,-3.697314E28,-3.697314E28,-3.697314E28,-3.697314E28,-3.697314E28,0.0000000,3,Missing,-3.697314E28,-3.697314E28,-3.697314E28,Missing,-3.697314E28,-3.697314E28,-3.697314E28,Missing,-3.697314E28,-3.697314E28,-3.697314E28,Port 0x02: JJH T tibia tracker  s/n:3E4C8800,935958028,1782824900.468661715,1,OK,0.8314178,-0.1903093,-0.1593722,0.4971190,0.664,-88.699,-1526.610,0.0936308,3,OK,0.663,-88.823,-1526.589,OK,53.854,-158.094,-1486.549,OK,-40.122,-168.234,-1533.407,Port 0x03: JJH Y femur tracker  s/n:3E4C8801,935958028,1782824900.468661715,1,OK,0.6062718,0.2441989,0.3095546,0.6906355,-179.714,-99.952,-1483.644,0.4298104,3,OK,-179.537,-99.465,-1483.920,OK,-226.578,-163.836,-1422.988,OK,-166.154,-192.263,-1480.055
3,Port 0x01: JJH Probe  s/n:3E4C880C,935958031,1782824900.518661715,1,Too Few Markers,-3.697314E28,-3.697314E28,-3.697314E28,-3.697314E28,-3.697314E28,-3.697314E28,-3.697314E28,0.0000000,3,Missing,-3.697314E28,-3.697314E28,-3.697314E28,Missing,-3.697314E28,-3.697314E28,-3.697314E28,Missing,-3.697314E28,-3.697314E28,-3.697314E28,Port 0x02: JJH T tibia tracker  s/n:3E4C8800,935958031,1782824900.518661715,1,OK,0.8334557,-0.1745069,-0.1678719,0.4967071,1.101,-89.522,-1530.155,0.1227730,3,OK,1.134,-89.664,-1530.117,OK,54.709,-159.969,-1492.727,OK,-39.244,-169.005,-1539.691,Port 0x03: JJH Y femur tracker  s/n:3E4C8801,935958031,1782824900.518661715,1,OK,0.6109457,0.2351653,0.3005882,0.6936061,-182.138,-99.885,-1485.727,0.4294751,3,OK,-181.963,-99.388,-1485.990,OK,-230.763,-163.738,-1426.463,OK,-168.826,-192.245,-1481.860
3,Port 0x01: JJH Probe  s/n:3E4C880C,935958034,1782824900.568661715,1,Too Few Markers,-3.697314E28,-3.697314E28,-3.697314E28,-3.697314E28,-3.697314E28,-3.697314E28,-3.697314E28,0.0000000,3,Missing,-3.697314E28,-3.697314E28,-3.697314E28,Missing,-3.697314E28,-3.697314E28,-3.697314E28,Missing,-3.697314E28,-3.697314E28,-3.697314E28,Port 0x02: JJH T tibia tracker  s/n:3E4C8800,935958034,1782824900.568661715,1,OK,0.8344142,-0.1610724,-0.1766133,0.4966049,1.927,-90.101,-1534.281,0.1206228,3,OK,1.928,-90.226,-1534.267,OK,55.951,-161.381,-1499.030,OK,-37.856,-169.485,-1546.334,Port 0x03: JJH Y femur tracker  s/n:3E4C8801,935958034,1782824900.568661715,1,OK,0.6158729,0.2247798,0.2914650,0.6965793,-184.656,-99.789,-1488.189,0.4472946,3,OK,-184.459,-99.272,-1488.462,OK,-235.104,-163.574,-1430.374,OK,-171.603,-192.157,-1483.856
3,Port 0x01: JJH Probe  s/n:3E4C880C,935958037,1782824900.618661715,1,Too Few Markers,-3.697314E28,-3.697314E28,-3.697314E28,-3.697314E28,-3.697314E28,-3.697314E28,-3.697314E28,0.0000000,3,Missing,-3.697314E28,-3.697314E28,-3.697314E28,Missing,-3.697314E28,-3.697314E28,-3.697314E28,Missing,-3.697314E28,-3.697314E28,-3.697314E28,Port 0x02: JJH T tibia tracker  s/n:3E4C8800,935958037,1782824900.618661715,1,OK,0.8370129,-0.1434866,-0.1859014,0.4942283,2.236,-91.034,-1538.914,0.1449791,3,OK,2.262,-91.177,-1538.892,OK,56.488,-163.503,-1506.691,OK,-37.356,-169.984,-1554.066,Port 0x03: JJH Y femur tracker  s/n:3E4C8801,935958037,1782824900.618661715,1,OK,0.6208969,0.2149234,0.2810616,0.6994994,-187.200,-99.631,-1490.726,0.4503448,3,OK,-187.005,-99.104,-1490.984,OK,-239.563,-163.381,-1434.602,OK,-174.478,-192.066,-1486.177
3,Port 0x01: JJH Probe  s/n:3E4C880C,935958040,1782824900.668697032,1,Too Few Markers,-3.697314E28,-3.697314E28,-3.697314E28,-3.697314E28,-3.697314E28,-3.697314E28,-3.697314E28,0.0000000,3,Missing,-3.697314E28,-3.697314E28,-3.697314E28,Missing,-3.697314E28,-3.697314E28,-3.697314E28,Missing,-3.697314E28,-3.697314E28,-3.697314E28,Port 0x02: JJH T tibia tracker  s/n:3E4C8800,935958040,1782824900.668697032,1,OK,0.8395075,-0.1331066,-0.1905075,0.4911381,1.936,-91.962,-1541.794,0.1580566,3,OK,1.956,-92.116,-1541.777,OK,56.079,-165.310,-1511.452,OK,-37.875,-170.421,-1558.708,Port 0x03: JJH Y femur tracker  s/n:3E4C8801,935958040,1782824900.668697032,1,OK,0.6259459,0.2040395,0.2705720,0.7023891,-189.734,-99.622,-1493.413,0.4534425,3,OK,-189.533,-99.085,-1493.664,OK,-243.992,-163.308,-1439.060,OK,-177.344,-192.091,-1488.508
3,Port 0x01: JJH Probe  s/n:3E4C880C,935958043,1782824900.718697032,1,Too Few Markers,-3.697314E28,-3.697314E28,-3.697314E28,-3.697314E28,-3.697314E28,-3.697314E28,-3.697314E28,0.0000000,3,Missing,-3.697314E28,-3.697314E28,-3.697314E28,Missing,-3.697314E28,-3.697314E28,-3.697314E28,Missing,-3.697314E28,-3.697314E28,-3.697314E28,Port 0x02: JJH T tibia tracker  s/n:3E4C8800,935958043,1782824900.718697032,1,OK,0.8418173,-0.1201291,-0.1970947,0.4879204,1.721,-92.699,-1544.890,0.1627360,3,OK,1.771,-92.835,-1544.863,OK,55.816,-166.962,-1516.876,OK,-38.202,-170.611,-1564.090,Port 0x03: JJH Y femur tracker  s/n:3E4C8801,935958043,1782824900.718697032,1,OK,0.6306560,0.1935089,0.2608255,0.7048386,-192.188,-99.516,-1496.209,0.4657299,3,OK,-191.970,-98.967,-1496.461,OK,-248.208,-163.104,-1443.525,OK,-180.120,-192.011,-1490.924
3,Port 0x01: JJH Probe  s/n:3E4C880C,935958046,1782824900.768697032,1,Too Few Markers,-3.697314E28,-3.697314E28,-3.697314E28,-3.697314E28,-3.697314E28,-3.697314E28,-3.697314E28,0.0000000,3,Missing,-3.697314E28,-3.697314E28,-3.697314E28,Missing,-3.697314E28,-3.697314E28,-3.697314E28,Missing,-3.697314E28,-3.697314E28,-3.697314E28,Port 0x02: JJH T tibia tracker  s/n:3E4C8800,935958046,1782824900.768697032,1,OK,0.8437083,-0.1089735,-0.2023752,0.4851035,1.508,-93.373,-1547.893,0.1656318,3,OK,1.560,-93.511,-1547.868,OK,55.586,-168.373,-1521.896,OK,-38.525,-170.735,-1568.990,Port 0x03: JJH Y femur tracker  s/n:3E4C8801,935958046,1782824900.768697032,1,OK,0.6350533,0.1833991,0.2507006,0.7072632,-194.463,-99.454,-1498.888,0.4598432,3,OK,-194.250,-98.904,-1499.124,OK,-252.154,-162.984,-1448.001,OK,-182.720,-191.991,-1493.344
3,Port 0x01: JJH Probe  s/n:3E4C880C,935958049,1782824900.818697032,1,Too Few Markers,-3.697314E28,-3.697314E28,-3.697314E28,-3.697314E28,-3.697314E28,-3.697314E28,-3.697314E28,0.0000000,3,Missing,-3.697314E28,-3.697314E28,-3.697314E28,Missing,-3.697314E28,-3.697314E28,-3.697314E28,Missing,-3.697314E28,-3.697314E28,-3.697314E28,Port 0x02: JJH T tibia tracker  s/n:3E4C8800,935958049,1782824900.818697032,1,OK,0.8453528,-0.0994023,-0.2067315,0.4824520,1.333,-93.898,-1550.230,0.1893676,3,OK,1.410,-94.034,-1550.197,OK,55.333,-169.494,-1526.002,OK,-38.830,-170.753,-1572.923,Port 0x03: JJH Y femur tracker  s/n:3E4C8801,935958049,1782824900.818697032,1,OK,0.6391893,0.1733699,0.2411136,0.7093970,-196.551,-99.347,-1501.622,0.4686398,3,OK,-196.330,-98.782,-1501.854,OK,-255.805,-162.804,-1452.469,OK,-185.128,-191.915,-1495.770
3,Port 0x01: JJH Probe  s/n:3E4C880C,935958052,1782824900.868697032,1,Too Few Markers,-3.697314E28,-3.697314E28,-3.697314E28,-3.697314E28,-3.697314E28,-3.697314E28,-3.697314E28,0.0000000,3,Missing,-3.697314E28,-3.697314E28,-3.697314E28,Missing,-3.697314E28,-3.697314E28,-3.697314E28,Missing,-3.697314E28,-3.697314E28,-3.697314E28,Port 0x02: JJH T tibia tracker  s/n:3E4C8800,935958052,1782824900.868697032,1,OK,0.8468367,-0.0924118,-0.2099550,0.4798402,1.136,-94.309,-1552.433,0.1826270,3,OK,1.199,-94.452,-1552.410,OK,55.007,-170.422,-1529.511,OK,-39.236,-170.675,-1576.318,Port 0x03: JJH Y femur tracker  s/n:3E4C8801,935958052,1782824900.868697032,1,OK,0.6432292,0.1634220,0.2311696,0.7114141,-198.575,-99.215,-1504.378,0.4590629,3,OK,-198.360,-98.652,-1504.593,OK,-259.343,-162.600,-1457.071,OK,-187.502,-191.818,-1498.278
3,Port 0x01: JJH Probe  s/n:3E4C880C,935958055,1782824900.918697032,1,Too Few Markers,-3.697314E28,-3.697314E28,-3.697314E28,-3.697314E28,-3.697314E28,-3.697314E28,-3.697314E28,0.0000000,3,Missing,-3.697314E28,-3.697314E28,-3.697314E28,Missing,-3.697314E28,-3.697314E28,-3.697314E28,Missing,-3.697314E28,-3.697314E28,-3.697314E28,Port 0x02: JJH T tibia tracker  s/n:3E4C8800,935958055,1782824900.918697032,1,OK,0.8483023,-0.0860619,-0.2126737,0.4772279,0.839,-94.816,-1554.328,0.1943553,3,OK,0.897,-94.972,-1554.309,OK,54.533,-171.399,-1532.622,OK,-39.761,-170.704,-1579.261,Port 0x03: JJH Y femur tracker  s/n:3E4C8801,935958055,1782824900.918697032,1,OK,0.6472529,0.1534714,0.2205277,0.7133567,-200.561,-99.144,-1507.085,0.4525760,3,OK,-200.360,-98.577,-1507.281,OK,-262.847,-162.472,-1461.782,OK,-189.872,-191.802,-1500.829
3,Port 0x01: JJH Probe  s/n:3E4C880C,935958058,1782824900.968697037,1,Too Few Markers,-3.697314E28,-3.697314E28,-3.697314E28,-3.697314E28,-3.697314E28,-3.697314E28,-3.697314E28,0.0000000,3,Missing,-3.697314E28,-3.697314E28,-3.697314E28,Missing,-3.697314E28,-3.697314E28,-3.697314E28,Missing,-3.697314E28,-3.697314E28,-3.697314E28,Port 0x02: JJH T tibia tracker  s/n:3E4C8800,935958058,1782824900.968697037,1,OK,0.8494163,-0.0773598,-0.2168399,0.4748557,0.576,-95.188,-1556.103,0.1981633,3,OK,0.685,-95.313,-1556.060,OK,54.229,-172.196,-1536.005,OK,-40.142,-170.596,-1582.513,Port 0x03: JJH Y femur tracker  s/n:3E4C8801,935958058,1782824900.968697037,1,OK,0.6510144,0.1429898,0.2106857,0.7150844,-202.499,-99.029,-1510.104,0.4599624,3,OK,-202.290,-98.453,-1510.296,OK,-266.212,-162.265,-1466.687,OK,-192.139,-191.713,-1503.543
3,Port 0x01: JJH Probe  s/n:3E4C880C,935958061,1782824901.018697038,1,Too Few Markers,-3.697314E28,-3.697314E28,-3.697314E28,-3.697314E28,-3.697314E28,-3.697314E28,-3.697314E28,0.0000000,3,Missing,-3.697314E28,-3.697314E28,-3.697314E28,Missing,-3.697314E28,-3.697314E28,-3.697314E28,Missing,-3.697314E28,-3.697314E28,-3.697314E28,Port 0x02: JJH T tibia tracker  s/n:3E4C8800,935958061,1782824901.018697038,1,OK,0.8507162,-0.0715217,-0.2191065,0.4723969,0.370,-95.630,-1557.795,0.2123004,3,OK,0.464,-95.764,-1557.761,OK,53.845,-173.043,-1538.837,OK,-40.554,-170.561,-1585.112,Port 0x03: JJH Y femur tracker  s/n:3E4C8801,935958061,1782824901.018697038,1,OK,0.6546765,0.1326749,0.2006624,0.7166105,-204.330,-98.986,-1513.166,0.4683782,3,OK,-204.113,-98.396,-1513.353,OK,-269.411,-162.135,-1471.702,OK,-194.342,-191.700,-1506.342
3,Port 0x01: JJH Probe  s/n:3E4C880C,935958064,1782824901.068697038,1,Too Few Markers,-3.697314E28,-3.697314E28,-3.697314E28,-3.697314E28,-3.697314E28,-3.697314E28,-3.697314E28,0.0000000,3,Missing,-3.697314E28,-3.697314E28,-3.697314E28,Missing,-3.697314E28,-3.697314E28,-3.697314E28,Missing,-3.697314E28,-3.697314E28,-3.697314E28,Port 0x02: JJH T tibia tracker  s/n:3E4C8800,935958064,1782824901.068697038,1,OK,0.8516138,-0.0661612,-0.2221034,0.4701561,0.114,-96.009,-1559.148,0.2155759,3,OK,0.239,-96.150,-1559.102,OK,53.448,-173.737,-1541.201,OK,-40.987,-170.521,-1587.459,Port 0x03: JJH Y femur tracker  s/n:3E4C8801,935958064,1782824901.068697038,1,OK,0.6581718,0.1227785,0.1902042,0.7180235,-206.082,-98.866,-1516.186,0.4624369,3,OK,-205.876,-98.276,-1516.357,OK,-272.472,-161.938,-1476.785,OK,-196.477,-191.626,-1509.226
3,Port 0x01: JJH Probe  s/n:3E4C880C,935958067,1782824901.118697038,1,Too Few Markers,-3.697314E28,-3.697314E28,-3.697314E28,-3.697314E28,-3.697314E28,-3.697314E28,-3.697314E28,0.0000000,3,Missing,-3.697314E28,-3.697314E28,-3.697314E28,Missing,-3.697314E28,-3.697314E28,-3.697314E28,Missing,-3.697314E28,-3.697314E28,-3.697314E28,Port 0x02: JJH T tibia tracker  s/n:3E4C8800,935958067,1782824901.118697038,1,OK,0.8524594,-0.0601726,-0.2246779,0.4682008,0.062,-96.286,-1560.857,0.2069323,3,OK,0.193,-96.391,-1560.806,OK,53.333,-174.320,-1544.042,OK,-41.172,-170.385,-1590.131,Port 0x03: JJH Y femur tracker  s/n:3E4C8801,935958067,1782824901.118697038,1,OK,0.6615449,0.1123522,0.1795890,0.7193630,-207.722,-98.749,-1519.298,0.4628111,3,OK,-207.531,-98.149,-1519.455,OK,-275.365,-161.738,-1482.036,OK,-198.499,-191.557,-1512.156
3,Port 0x01: JJH Probe  s/n:3E4C880C,935958070,1782824901.168697037,1,Too Few Markers,-3.697314E28,-3.697314E28,-3.697314E28,-3.697314E28,-3.697314E28,-3.697314E28,-3.697314E28,0.0000000,3,Missing,-3.697314E28,-3.697314E28,-3.697314E28,Missing,-3.697314E28,-3.697314E28,-3.697314E28,Missing,-3.697314E28,-3.697314E28,-3.697314E28,Port 0x02: JJH T tibia tracker  s/n:3E4C8800,935958070,1782824901.168697037,1,OK,0.8532705,-0.0557451,-0.2263085,0.4664831,0.010,-96.542,-1562.325,0.2097024,3,OK,0.119,-96.674,-1562.289,OK,53.187,-174.825,-1546.370,OK,-41.355,-170.253,-1592.255,Port 0x03: JJH Y femur tracker  s/n:3E4C8801,935958070,1782824901.168697037,1,OK,0.6646919,0.1019547,0.1695082,0.7204560,-209.334,-98.658,-1522.521,0.4672422,3,OK,-209.136,-98.052,-1522.673,OK,-278.155,-161.556,-1487.310,OK,-200.476,-191.487,-1515.151
3,Port 0x01: JJH Probe  s/n:3E4C880C,935958073,1782824901.218697037,1,Too Few Markers,-3.697314E28,-3.697314E28,-3.697314E28,-3.697314E28,-3.697314E28,-3.697314E28,-3.697314E28,0.0000000,3,Missing,-3.697314E28,-3.697314E28,-3.697314E28,Missing,-3.697314E28,-3.697314E28,-3.697314E28,Missing,-3.697314E28,-3.697314E28,-3.697314E28,Port 0x02: JJH T tibia tracker  s/n:3E4C8800,935958073,1782824901.218697037,1,OK,0.8538826,-0.0504194,-0.2280612,0.4651135,0.017,-96.786,-1563.533,0.2125637,3,OK,0.149,-96.894,-1563.484,OK,53.197,-175.254,-1548.586,OK,-41.451,-170.170,-1594.227,Port 0x03: JJH Y femur tracker  s/n:3E4C8801,935958073,1782824901.218697037,1,OK,0.6677545,0.0906563,0.1584659,0.7216467,-210.848,-98.587,-1525.809,0.4659815,3,OK,-210.653,-97.978,-1525.951,OK,-280.821,-161.420,-1492.887,OK,-202.363,-191.437,-1518.214
3,Port 0x01: JJH Probe  s/n:3E4C880C,935958076,1782824901.268697038,1,Too Few Markers,-3.697314E28,-3.697314E28,-3.697314E28,-3.697314E28,-3.697314E28,-3.697314E28,-3.697314E28,0.0000000,3,Missing,-3.697314E28,-3.697314E28,-3.697314E28,Missing,-3.697314E28,-3.697314E28,-3.697314E28,Missing,-3.697314E28,-3.697314E28,-3.697314E28,Port 0x02: JJH T tibia tracker  s/n:3E4C8800,935958076,1782824901.268697038,1,OK,0.8544947,-0.0487744,-0.2284854,0.4639550,-0.068,-97.068,-1564.028,0.2174809,3,OK,0.042,-97.191,-1563.991,OK,52.979,-175.695,-1549.436,OK,-41.664,-170.239,-1594.942,Port 0x03: JJH Y femur tracker  s/n:3E4C8801,935958076,1782824901.268697038,1,OK,0.6707807,0.0794742,0.1466183,0.7226619,-212.280,-98.490,-1529.340,0.4675944,3,OK,-212.097,-97.874,-1529.469,OK,-283.386,-161.257,-1498.883,OK,-204.200,-191.387,-1521.649
3,Port 0x01: JJH Probe  s/n:3E4C880C,935958079,1782824901.318697038,1,Too Few Markers,-3.697314E28,-3.697314E28,-3.697314E28,-3.697314E28,-3.697314E28,-3.697314E28,-3.697314E28,0.0000000,3,Missing,-3.697314E28,-3.697314E28,-3.697314E28,Missing,-3.697314E28,-3.697314E28,-3.697314E28,Missing,-3.697314E28,-3.697314E28,-3.697314E28,Port 0x02: JJH T tibia tracker  s/n:3E4C8800,935958079,1782824901.318697038,1,OK,0.8548571,-0.0471222,-0.2288976,0.4632545,-0.087,-97.193,-1564.363,0.2119545,3,OK,0.015,-97.333,-1564.334,OK,52.928,-175.910,-1550.094,OK,-41.772,-170.205,-1595.499,Port 0x03: JJH Y femur tracker  s/n:3E4C8801,935958079,1782824901.318697038,1,OK,0.6736489,0.0669262,0.1343033,0.7236578,-213.767,-98.439,-1533.248,0.4661512,3,OK,-213.593,-97.822,-1533.366,OK,-285.965,-161.142,-1505.403,OK,-206.067,-191.364,-1525.348
3,Port 0x01: JJH Probe  s/n:3E4C880C,935958082,1782824901.368697038,1,Too Few Markers,-3.697314E28,-3.697314E28,-3.697314E28,-3.697314E28,-3.697314E28,-3.697314E28,-3.697314E28,0.0000000,3,Missing,-3.697314E28,-3.697314E28,-3.697314E28,Missing,-3.697314E28,-3.697314E28,-3.697314E28,Missing,-3.697314E28,-3.697314E28,-3.697314E28,Port 0x02: JJH T tibia tracker  s/n:3E4C8800,935958082,1782824901.368697038,1,OK,0.8547198,-0.0487635,-0.2275674,0.4639928,0.013,-97.155,-1563.297,0.2141535,3,OK,0.130,-97.279,-1563.258,OK,53.074,-175.777,-1548.726,OK,-41.665,-170.345,-1594.087,Port 0x03: JJH Y femur tracker  s/n:3E4C8801,935958082,1782824901.368697038,1,OK,0.6761807,0.0539466,0.1215967,0.7246265,-215.116,-98.437,-1537.322,0.4679584,3,OK,-214.947,-97.815,-1537.431,OK,-288.305,-161.115,-1512.203,OK,-207.771,-191.380,-1529.219
3,Port 0x01: JJH Probe  s/n:3E4C880C,935958085,1782824901.418697037,1,Too Few Markers,-3.697314E28,-3.697314E28,-3.697314E28,-3.697314E28,-3.697314E28,-3.697314E28,-3.697314E28,0.0000000,3,Missing,-3.697314E28,-3.697314E28,-3.697314E28,Missing,-3.697314E28,-3.697314E28,-3.697314E28,Missing,-3.697314E28,-3.697314E28,-3.697314E28,Port 0x02: JJH T tibia tracker  s/n:3E4C8800,935958085,1782824901.418697037,1,OK,0.8545302,-0.0506261,-0.2261613,0.4648292,0.113,-97.069,-1562.423,0.2249540,3,OK,0.226,-97.191,-1562.385,OK,53.215,-175.588,-1547.512,OK,-41.521,-170.434,-1592.818,Port 0x03: JJH Y femur tracker  s/n:3E4C8801,935958085,1782824901.418697037,1,OK,0.6784914,0.0400908,0.1080077,0.7255181,-216.304,-98.392,-1541.483,0.4791539,3,OK,-216.140,-97.754,-1541.585,OK,-290.422,-161.071,-1519.307,OK,-209.305,-191.366,-1533.183
3,Port 0x01: JJH Probe  s/n:3E4C880C,935958088,1782824901.468697037,1,Too Few Markers,-3.697314E28,-3.697314E28,-3.697314E28,-3.697314E28,-3.697314E28,-3.697314E28,-3.697314E28,0.0000000,3,Missing,-3.697314E28,-3.697314E28,-3.697314E28,Missing,-3.697314E28,-3.697314E28,-3.697314E28,Missing,-3.697314E28,-3.697314E28,-3.697314E28,Port 0x02: JJH T tibia tracker  s/n:3E4C8800,935958088,1782824901.468697037,1,OK,0.8544036,-0.0514601,-0.2256784,0.4652050,0.214,-97.050,-1561.830,0.2188875,3,OK,0.347,-97.177,-1561.782,OK,53.360,-175.504,-1546.748,OK,-41.433,-170.503,-1592.091,Port 0x03: JJH Y femur tracker  s/n:3E4C8801,935958088,1782824901.468697037,1,OK,0.6808073,0.0268383,0.0948091,0.7258046,-217.407,-98.306,-1545.793,0.4737971,3,OK,-217.253,-97.673,-1545.884,OK,-292.358,-160.908,-1526.494,OK,-210.837,-191.301,-1537.332
3,Port 0x01: JJH Probe  s/n:3E4C880C,935958091,1782824901.518651998,1,Too Few Markers,-3.697314E28,-3.697314E28,-3.697314E28,-3.697314E28,-3.697314E28,-3.697314E28,-3.697314E28,0.0000000,3,Missing,-3.697314E28,-3.697314E28,-3.697314E28,Missing,-3.697314E28,-3.697314E28,-3.697314E28,Missing,-3.697314E28,-3.697314E28,-3.697314E28,Port 0x02: JJH T tibia tracker  s/n:3E4C8800,935958091,1782824901.518651998,1,OK,0.8544142,-0.0544294,-0.2238384,0.4657362,0.452,-96.954,-1561.232,0.1995674,3,OK,0.537,-97.104,-1561.210,OK,53.582,-175.363,-1545.613,OK,-41.233,-170.540,-1590.941,Port 0x03: JJH Y femur tracker  s/n:3E4C8801,935958091,1782824901.518651998,1,OK,0.6831395,0.0123517,0.0816835,0.7256002,-218.393,-98.139,-1550.453,0.4814846,3,OK,-218.236,-97.497,-1550.540,OK,-294.159,-160.601,-1534.065,OK,-212.302,-191.151,-1541.666
3,Port 0x01: JJH Probe  s/n:3E4C880C,935958094,1782824901.568651998,1,Too Few Markers,-3.697314E28,-3.697314E28,-3.697314E28,-3.697314E28,-3.697314E28,-3.697314E28,-3.697314E28,0.0000000,3,Missing,-3.697314E28,-3.697314E28,-3.697314E28,Missing,-3.697314E28,-3.697314E28,-3.697314E28,Missing,-3.697314E28,-3.697314E28,-3.697314E28,Port 0x02: JJH T tibia tracker  s/n:3E4C8800,935958094,1782824901.568651998,1,OK,0.8546464,-0.0527887,-0.2238568,0.4654901,0.588,-96.883,-1561.145,0.2179449,3,OK,0.695,-97.025,-1561.112,OK,53.723,-175.318,-1545.854,OK,-41.130,-170.408,-1591.006,Port 0x03: JJH Y femur tracker  s/n:3E4C8801,935958094,1782824901.568651998,1,OK,0.6853106,-0.0019015,0.0669533,0.7251641,-219.213,-97.891,-1555.088,0.4898813,3,OK,-219.052,-97.238,-1555.168,OK,-295.687,-160.246,-1541.946,OK,-213.660,-190.938,-1546.225
3,Port 0x01: JJH Probe  s/n:3E4C880C,935958097,1782824901.618651998,1,Too Few Markers,-3.697314E28,-3.697314E28,-3.697314E28,-3.697314E28,-3.697314E28,-3.697314E28,-3.697314E28,0.0000000,3,Missing,-3.697314E28,-3.697314E28,-3.697314E28,Missing,-3.697314E28,-3.697314E28,-3.697314E28,Missing,-3.697314E28,-3.697314E28,-3.697314E28,Port 0x02: JJH T tibia tracker  s/n:3E4C8800,935958097,1782824901.618651998,1,OK,0.8546637,-0.0526967,-0.2242100,0.4652987,0.709,-96.891,-1561.294,0.1957853,3,OK,0.804,-97.039,-1561.268,OK,53.849,-175.358,-1546.004,OK,-41.034,-170.373,-1591.228,Port 0x03: JJH Y femur tracker  s/n:3E4C8801,935958097,1782824901.618651998,1,OK,0.6871139,-0.0166768,0.0519917,0.7244951,-219.814,-97.748,-1559.825,0.4898895,3,OK,-219.651,-97.095,-1559.897,OK,-296.873,-160.000,-1550.006,OK,-214.769,-190.818,-1550.865
3,Port 0x01: JJH Probe  s/n:3E4C880C,935958100,1782824901.668651997,1,Too Few Markers,-3.697314E28,-3.697314E28,-3.697314E28,-3.697314E28,-3.697314E28,-3.697314E28,-3.697314E28,0.0000000,3,Missing,-3.697314E28,-3.697314E28,-3.697314E28,Missing,-3.697314E28,-3.697314E28,-3.697314E28,Missing,-3.697314E28,-3.697314E28,-3.697314E28,Port 0x02: JJH T tibia tracker  s/n:3E4C8800,935958100,1782824901.668651997,1,OK,0.8547938,-0.0507933,-0.2246345,0.4650665,0.815,-96.858,-1561.213,0.2078033,3,OK,0.932,-96.973,-1561.172,OK,53.974,-175.357,-1546.289,OK,-40.927,-170.280,-1591.381,Port 0x03: JJH Y femur tracker  s/n:3E4C8801,935958100,1782824901.668651997,1,OK,0.6886026,-0.0319330,0.0374884,0.7234648,-220.247,-97.552,-1564.727,0.4915169,3,OK,-220.085,-96.898,-1564.792,OK,-297.745,-159.682,-1558.172,OK,-215.717,-190.638,-1555.564
3,Port 0x01: JJH Probe  s/n:3E4C880C,935958103,1782824901.718651997,1,Too Few Markers,-3.697314E28,-3.697314E28,-3.697314E28,-3.697314E28,-3.697314E28,-3.697314E28,-3.697314E28,0.0000000,3,Missing,-3.697314E28,-3.697314E28,-3.697314E28,Missing,-3.697314E28,-3.697314E28,-3.697314E28,Missing,-3.697314E28,-3.697314E28,-3.697314E28,Port 0x02: JJH T tibia tracker  s/n:3E4C8800,935958103,1782824901.718651997,1,OK,0.8548868,-0.0498916,-0.2246459,0.4649878,0.934,-96.829,-1561.183,0.2119908,3,OK,1.060,-96.937,-1561.137,OK,54.115,-175.337,-1546.431,OK,-40.824,-170.220,-1591.435,Port 0x03: JJH Y femur tracker  s/n:3E4C8801,935958103,1782824901.718651997,1,OK,0.6899517,-0.0477758,0.0216496,0.7219525,-220.472,-97.331,-1569.857,0.4886388,3,OK,-220.306,-96.681,-1569.914,OK,-298.306,-159.320,-1566.860,OK,-216.520,-190.433,-1560.604
3,Port 0x01: JJH Probe  s/n:3E4C880C,935958106,1782824901.768598061,1,Too Few Markers,-3.697314E28,-3.697314E28,-3.697314E28,-3.697314E28,-3.697314E28,-3.697314E28,-3.697314E28,0.0000000,3,Missing,-3.697314E28,-3.697314E28,-3.697314E28,Missing,-3.697314E28,-3.697314E28,-3.697314E28,Missing,-3.697314E28,-3.697314E28,-3.697314E28,Port 0x02: JJH T tibia tracker  s/n:3E4C8800,935958106,1782824901.768598061,1,OK,0.8551003,-0.0486867,-0.2250782,0.4645135,1.025,-96.846,-1561.399,0.2069207,3,OK,1.143,-96.953,-1561.357,OK,54.183,-175.423,-1546.881,OK,-40.776,-170.134,-1591.830,Port 0x03: JJH Y femur tracker  s/n:3E4C8801,935958106,1782824901.768598061,1,OK,0.6908088,-0.0645308,0.0052380,0.7201330,-220.510,-97.099,-1575.199,0.4887972,3,OK,-220.344,-96.451,-1575.248,OK,-298.501,-158.966,-1575.906,OK,-217.115,-190.220,-1565.824
3,Port 0x01: JJH Probe  s/n:3E4C880C,935958109,1782824901.818560028,1,Too Few Markers,-3.697314E28,-3.697314E28,-3.697314E28,-3.697314E28,-3.697314E28,-3.697314E28,-3.697314E28,0.0000000,3,Missing,-3.697314E28,-3.697314E28,-3.697314E28,Missing,-3.697314E28,-3.697314E28,-3.697314E28,Missing,-3.697314E28,-3.697314E28,-3.697314E28,Port 0x02: JJH T tibia tracker  s/n:3E4C8800,935958109,1782824901.818560028,1,OK,0.8555103,-0.0466790,-0.2257996,0.4636137,1.115,-96.837,-1562.318,0.1997123,3,OK,1.220,-96.960,-1562.286,OK,54.222,-175.533,-1548.191,OK,-40.775,-169.925,-1593.048,Port 0x03: JJH Y femur tracker  s/n:3E4C8801,935958109,1782824901.818560028,1,OK,0.6913756,-0.0819176,-0.0123896,0.7177296,-220.225,-96.769,-1580.659,0.4882500,3,OK,-220.051,-96.125,-1580.697,OK,-298.215,-158.497,-1585.336,OK,-217.432,-189.909,-1571.260
3,Port 0x01: JJH Probe  s/n:3E4C880C,935958112,1782824901.868560028,1,Too Few Markers,-3.697314E28,-3.697314E28,-3.697314E28,-3.697314E28,-3.697314E28,-3.697314E28,-3.697314E28,0.0000000,3,Missing,-3.697314E28,-3.697314E28,-3.697314E28,Missing,-3.697314E28,-3.697314E28,-3.697314E28,Missing,-3.697314E28,-3.697314E28,-3.697314E28,Port 0x02: JJH T tibia tracker  s/n:3E4C8800,935958112,1782824901.868560028,1,OK,0.8559565,-0.0428374,-0.2274943,0.4623308,1.121,-97.036,-1563.637,0.2042506,3,OK,1.216,-97.173,-1563.612,OK,54.179,-175.891,-1550.241,OK,-40.834,-169.808,-1594.968,Port 0x03: JJH Y femur tracker  s/n:3E4C8801,935958112,1782824901.868560028,1,OK,0.6915424,-0.0992557,-0.0296546,0.7148693,-219.678,-96.599,-1586.414,0.4836073,3,OK,-219.503,-95.961,-1586.443,OK,-297.452,-158.177,-1594.982,OK,-217.512,-189.748,-1576.977
3,Port 0x01: JJH Probe  s/n:3E4C880C,935958115,1782824901.918560027,1,Too Few Markers,-3.697314E28,-3.697314E28,-3.697314E28,-3.697314E28,-3.697314E28,-3.697314E28,-3.697314E28,0.0000000,3,Missing,-3.697314E28,-3.697314E28,-3.697314E28,Missing,-3.697314E28,-3.697314E28,-3.697314E28,Missing,-3.697314E28,-3.697314E28,-3.697314E28,Port 0x02: JJH T tibia tracker  s/n:3E4C8800,935958115,1782824901.918560027,1,OK,0.8565476,-0.0376157,-0.2296742,0.4606094,1.024,-97.094,-1565.072,0.2122484,3,OK,1.118,-97.230,-1565.049,OK,54.012,-176.151,-1552.677,OK,-41.023,-169.453,-1597.200,Port 0x03: JJH Y femur tracker  s/n:3E4C8801,935958115,1782824901.918560027,1,OK,0.6912620,-0.1172351,-0.0472619,0.7114626,-218.840,-96.211,-1592.245,0.4837209,3,OK,-218.672,-95.580,-1592.267,OK,-296.217,-157.619,-1604.786,OK,-217.298,-189.382,-1582.749
3,Port 0x01: JJH Probe  s/n:3E4C880C,935958118,1782824901.968560024,1,Too Few Markers,-3.697314E28,-3.697314E28,-3.697314E28,-3.697314E28,-3.697314E28,-3.697314E28,-3.697314E28,0.0000000,3,Missing,-3.697314E28,-3.697314E28,-3.697314E28,Missing,-3.697314E28,-3.697314E28,-3.697314E28,Missing,-3.697314E28,-3.697314E28,-3.697314E28,Port 0x02: JJH T tibia tracker  s/n:3E4C8800,935958118,1782824901.968560024,1,OK,0.8565914,-0.0361005,-0.2305511,0.4602110,1.052,-97.217,-1565.271,0.2076561,3,OK,1.160,-97.343,-1565.241,OK,54.046,-176.311,-1553.151,OK,-41.006,-169.478,-1597.675,Port 0x03: JJH Y femur tracker  s/n:3E4C8801,935958118,1782824901.968560024,1,OK,0.6903473,-0.1357275,-0.0653168,0.7076244,-217.672,-95.971,-1598.024,0.4935111,3,OK,-217.491,-95.340,-1598.033,OK,-294.433,-157.250,-1614.626,OK,-216.728,-189.155,-1588.476
3,Port 0x01: JJH Probe  s/n:3E4C880C,935958121,1782824902.018560024,1,Too Few Markers,-3.697314E28,-3.697314E28,-3.697314E28,-3.697314E28,-3.697314E28,-3.697314E28,-3.697314E28,0.0000000,3,Missing,-3.697314E28,-3.697314E28,-3.697314E28,Missing,-3.697314E28,-3.697314E28,-3.697314E28,Missing,-3.697314E28,-3.697314E28,-3.697314E28,Port 0x02: JJH T tibia tracker  s/n:3E4C8800,935958121,1782824902.018560024,1,OK,0.8566159,-0.0387012,-0.2286885,0.4608828,1.089,-97.301,-1564.385,0.2016525,3,OK,1.189,-97.435,-1564.358,OK,54.088,-176.329,-1551.793,OK,-41.014,-169.750,-1596.283,Port 0x03: JJH Y femur tracker  s/n:3E4C8801,935958121,1782824902.018560024,1,OK,0.6891373,-0.1530772,-0.0827491,0.7034272,-216.302,-95.715,-1603.541,0.4946152,3,OK,-216.122,-95.095,-1603.540,OK,-292.267,-156.838,-1624.024,OK,-215.952,-188.913,-1594.036
3,Port 0x01: JJH Probe  s/n:3E4C880C,935958124,1782824902.068560024,1,Too Few Markers,-3.697314E28,-3.697314E28,-3.697314E28,-3.697314E28,-3.697314E28,-3.697314E28,-3.697314E28,0.0000000,3,Missing,-3.697314E28,-3.697314E28,-3.697314E28,Missing,-3.697314E28,-3.697314E28,-3.697314E28,Missing,-3.697314E28,-3.697314E28,-3.697314E28,Port 0x02: JJH T tibia tracker  s/n:3E4C8800,935958124,1782824902.068560024,1,OK,0.8567425,-0.0408614,-0.2270611,0.4612655,0.980,-97.487,-1563.138,0.2095103,3,OK,1.085,-97.607,-1563.107,OK,53.929,-176.478,-1550.177,OK,-41.181,-170.094,-1594.606,Port 0x03: JJH Y femur tracker  s/n:3E4C8801,935958124,1782824902.068560024,1,OK,0.6876189,-0.1694573,-0.0991259,0.6990269,-214.770,-95.476,-1608.693,0.5070369,3,OK,-214.579,-94.852,-1608.679,OK,-289.817,-156.457,-1632.801,OK,-214.994,-188.688,-1599.243
3,Port 0x01: JJH Probe  s/n:3E4C880C,935958127,1782824902.118560024,1,Too Few Markers,-3.697314E28,-3.697314E28,-3.697314E28,-3.697314E28,-3.697314E28,-3.697314E28,-3.697314E28,0.0000000,3,Missing,-3.697314E28,-3.697314E28,-3.697314E28,Missing,-3.697314E28,-3.697314E28,-3.697314E28,Missing,-3.697314E28,-3.697314E28,-3.697314E28,Port 0x02: JJH T tibia tracker  s/n:3E4C8800,935958127,1782824902.118560024,1,OK,0.8570614,-0.0435100,-0.2255394,0.4611774,0.763,-97.700,-1562.273,0.2257969,3,OK,0.868,-97.829,-1562.242,OK,53.556,-176.702,-1548.873,OK,-41.519,-170.414,-1593.293,Port 0x03: JJH Y femur tracker  s/n:3E4C8801,935958127,1782824902.118560024,1,OK,0.6859357,-0.1847389,-0.1139079,0.6945421,-213.116,-95.211,-1613.418,0.5138623,3,OK,-212.929,-94.591,-1613.398,OK,-287.174,-156.042,-1640.782,OK,-213.897,-188.433,-1603.975
3,Port 0x01: JJH Probe  s/n:3E4C880C,935958130,1782824902.168599554,1,Too Few Markers,-3.697314E28,-3.697314E28,-3.697314E28,-3.697314E28,-3.697314E28,-3.697314E28,-3.697314E28,0.0000000,3,Missing,-3.697314E28,-3.697314E28,-3.697314E28,Missing,-3.697314E28,-3.697314E28,-3.697314E28,Missing,-3.697314E28,-3.697314E28,-3.697314E28,Port 0x02: JJH T tibia tracker  s/n:3E4C8800,935958130,1782824902.168599554,1,OK,0.8573372,-0.0485904,-0.2234603,0.4611696,0.436,-97.983,-1561.156,0.2049185,3,OK,0.527,-98.121,-1561.131,OK,53.030,-176.990,-1546.852,OK,-42.033,-170.888,-1591.453,Port 0x03: JJH Y femur tracker  s/n:3E4C8801,935958130,1782824902.168599554,1,OK,0.6839540,-0.1990101,-0.1282062,0.6900471,-211.441,-95.076,-1617.734,0.5433434,3,OK,-211.233,-94.444,-1617.697,OK,-284.443,-155.788,-1648.218,OK,-212.700,-188.315,-1608.366
3,Port 0x01: JJH Probe  s/n:3E4C880C,935958133,1782824902.218599554,1,Too Few Markers,-3.697314E28,-3.697314E28,-3.697314E28,-3.697314E28,-3.697314E28,-3.697314E28,-3.697314E28,0.0000000,3,Missing,-3.697314E28,-3.697314E28,-3.697314E28,Missing,-3.697314E28,-3.697314E28,-3.697314E28,Missing,-3.697314E28,-3.697314E28,-3.697314E28,Port 0x02: JJH T tibia tracker  s/n:3E4C8800,935958133,1782824902.218599554,1,OK,0.8577629,-0.0540528,-0.2208866,0.4610099,0.009,-98.249,-1559.699,0.2069220,3,OK,0.103,-98.385,-1559.671,OK,52.328,-177.259,-1544.454,OK,-42.692,-171.362,-1589.166,Port 0x03: JJH Y femur tracker  s/n:3E4C8801,935958133,1782824902.218599554,1,OK,0.6821742,-0.2113698,-0.1408487,0.6856550,-209.692,-94.813,-1621.721,0.5486525,3,OK,-209.483,-94.173,-1621.675,OK,-281.632,-155.374,-1654.913,OK,-211.451,-188.064,-1612.498
3,Port 0x01: JJH Probe  s/n:3E4C880C,935958136,1782824902.268599554,1,Too Few Markers,-3.697314E28,-3.697314E28,-3.697314E28,-3.697314E28,-3.697314E28,-3.697314E28,-3.697314E28,0.0000000,3,Missing,-3.697314E28,-3.697314E28,-3.697314E28,Missing,-3.697314E28,-3.697314E28,-3.697314E28,Missing,-3.697314E28,-3.697314E28,-3.697314E28,Port 0x02: JJH T tibia tracker  s/n:3E4C8800,935958136,1782824902.268599554,1,OK,0.8581129,-0.0594714,-0.2182726,0.4609365,-0.440,-98.662,-1558.155,0.2176097,3,OK,-0.336,-98.797,-1558.120,OK,51.612,-177.643,-1541.978,OK,-43.356,-171.989,-1586.786,Port 0x03: JJH Y femur tracker  s/n:3E4C8801,935958136,1782824902.268599554,1,OK,0.6800142,-0.2235733,-0.1528971,0.6813355,-207.916,-94.713,-1625.329,0.5662959,3,OK,-207.698,-94.081,-1625.269,OK,-278.755,-155.167,-1661.104,OK,-210.081,-187.966,-1616.169
3,Port 0x01: JJH Probe  s/n:3E4C880C,935958139,1782824902.318599554,1,Too Few Markers,-3.697314E28,-3.697314E28,-3.697314E28,-3.697314E28,-3.697314E28,-3.697314E28,-3.697314E28,0.0000000,3,Missing,-3.697314E28,-3.697314E28,-3.697314E28,Missing,-3.697314E28,-3.697314E28,-3.697314E28,Missing,-3.697314E28,-3.697314E28,-3.697314E28,Port 0x02: JJH T tibia tracker  s/n:3E4C8800,935958139,1782824902.318599554,1,OK,0.8584356,-0.0662384,-0.2150396,0.4609325,-0.958,-98.905,-1556.770,0.2056324,3,OK,-0.886,-99.053,-1556.750,OK,50.819,-177.852,-1539.407,OK,-44.112,-172.451,-1584.345,Port 0x03: JJH Y femur tracker  s/n:3E4C8801,935958139,1782824902.318599554,1,OK,0.6778905,-0.2344936,-0.1638009,0.6772344,-206.247,-94.457,-1628.562,0.5754248,3,OK,-206.028,-93.834,-1628.492,OK,-275.995,-154.808,-1666.637,OK,-208.787,-187.711,-1619.490
3,Port 0x01: JJH Probe  s/n:3E4C880C,935958142,1782824902.368599554,1,Too Few Markers,-3.697314E28,-3.697314E28,-3.697314E28,-3.697314E28,-3.697314E28,-3.697314E28,-3.697314E28,0.0000000,3,Missing,-3.697314E28,-3.697314E28,-3.697314E28,Missing,-3.697314E28,-3.697314E28,-3.697314E28,Missing,-3.697314E28,-3.697314E28,-3.697314E28,Port 0x02: JJH T tibia tracker  s/n:3E4C8800,935958142,1782824902.368599554,1,OK,0.8583827,-0.0722043,-0.2126440,0.4612464,-1.262,-99.130,-1555.348,0.1977070,3,OK,-1.181,-99.274,-1555.320,OK,50.319,-177.965,-1536.915,OK,-44.568,-172.927,-1582.065,Port 0x03: JJH Y femur tracker  s/n:3E4C8801,935958142,1782824902.368599554,1,OK,0.6760306,-0.2436590,-0.1736566,0.6733916,-204.618,-94.355,-1631.493,0.5805416,3,OK,-204.394,-93.717,-1631.414,OK,-273.322,-154.593,-1671.594,OK,-207.523,-187.623,-1622.628
3,Port 0x01: JJH Probe  s/n:3E4C880C,935958145,1782824902.418599554,1,Too Few Markers,-3.697314E28,-3.697314E28,-3.697314E28,-3.697314E28,-3.697314E28,-3.697314E28,-3.697314E28,0.0000000,3,Missing,-3.697314E28,-3.697314E28,-3.697314E28,Missing,-3.697314E28,-3.697314E28,-3.697314E28,Missing,-3.697314E28,-3.697314E28,-3.697314E28,Port 0x02: JJH T tibia tracker  s/n:3E4C8800,935958145,1782824902.418599554,1,OK,0.8581802,-0.0766006,-0.2105022,0.4618959,-1.439,-99.122,-1554.192,0.1938781,3,OK,-1.371,-99.279,-1554.170,OK,50.077,-177.822,-1534.961,OK,-44.799,-173.124,-1580.197,Port 0x03: JJH Y femur tracker  s/n:3E4C8801,935958145,1782824902.418599554,1,OK,0.6739842,-0.2530259,-0.1828628,0.6695404,-203.032,-94.132,-1634.082,0.5981038,3,OK,-202.796,-93.501,-1633.986,OK,-270.719,-154.281,-1676.105,OK,-206.264,-187.391,-1625.288
3,Port 0x01: JJH Probe  s/n:3E4C880C,935958148,1782824902.468599554,1,Too Few Markers,-3.697314E28,-3.697314E28,-3.697314E28,-3.697314E28,-3.697314E28,-3.697314E28,-3.697314E28,0.0000000,3,Missing,-3.697314E28,-3.697314E28,-3.697314E28,Missing,-3.697314E28,-3.697314E28,-3.697314E28,Missing,-3.697314E28,-3.697314E28,-3.697314E28,Port 0x02: JJH T tibia tracker  s/n:3E4C8800,935958148,1782824902.468599554,1,OK,0.8578939,-0.0791179,-0.2093140,0.4625429,-1.468,-99.118,-1553.305,0.1920875,3,OK,-1.391,-99.271,-1553.278,OK,50.054,-177.694,-1533.606,OK,-44.820,-173.281,-1578.904,Port 0x03: JJH Y femur tracker  s/n:3E4C8801,935958148,1782824902.468599554,1,OK,0.6720869,-0.2612166,-0.1909698,0.6660298,-201.453,-94.014,-1636.530,0.6009024,3,OK,-201.221,-93.379,-1636.430,OK,-268.160,-154.082,-1680.198,OK,-204.999,-187.278,-1627.830
3,Port 0x01: JJH Probe  s/n:3E4C880C,935958151,1782824902.518599554,1,Too Few Markers,-3.697314E28,-3.697314E28,-3.697314E28,-3.697314E28,-3.697314E28,-3.697314E28,-3.697314E28,0.0000000,3,Missing,-3.697314E28,-3.697314E28,-3.697314E28,Missing,-3.697314E28,-3.697314E28,-3.697314E28,Missing,-3.697314E28,-3.697314E28,-3.697314E28,Port 0x02: JJH T tibia tracker  s/n:3E4C8800,935958151,1782824902.518599554,1,OK,0.8577930,-0.0807538,-0.2082853,0.4629116,-1.504,-99.156,-1552.714,0.1972294,3,OK,-1.432,-99.311,-1552.689,OK,50.007,-177.663,-1532.724,OK,-44.861,-173.410,-1578.004,Port 0x03: JJH Y femur tracker  s/n:3E4C8801,935958151,1782824902.518599554,1,OK,0.6703246,-0.2684515,-0.1981189,0.6628330,-200.030,-93.917,-1638.566,0.6016235,3,OK,-199.808,-93.284,-1638.467,OK,-265.835,-153.904,-1683.670,OK,-203.848,-187.186,-1629.949
3,Port 0x01: JJH Probe  s/n:3E4C880C,935958154,1782824902.568599554,1,Too Few Markers,-3.697314E28,-3.697314E28,-3.697314E28,-3.697314E28,-3.697314E28,-3.697314E28,-3.697314E28,0.0000000,3,Missing,-3.697314E28,-3.697314E28,-3.697314E28,Missing,-3.697314E28,-3.697314E28,-3.697314E28,Missing,-3.697314E28,-3.697314E28,-3.697314E28,Port 0x02: JJH T tibia tracker  s/n:3E4C8800,935958154,1782824902.568599554,1,OK,0.8577122,-0.0816097,-0.2076507,0.4631962,-1.579,-99.197,-1552.167,0.1904932,3,OK,-1.502,-99.333,-1552.138,OK,49.945,-177.659,-1532.022,OK,-44.942,-173.525,-1577.285,Port 0x03: JJH Y femur tracker  s/n:3E4C8801,935958154,1782824902.568599554,1,OK,0.6687023,-0.2748774,-0.2040620,0.6600290,-198.790,-93.826,-1640.410,0.6010917,3,OK,-198.581,-93.207,-1640.316,OK,-263.804,-153.753,-1686.708,OK,-202.842,-187.095,-1631.806
3,Port 0x01: JJH Probe  s/n:3E4C880C,935958157,1782824902.618599554,1,Too Few Markers,-3.697314E28,-3.697314E28,-3.697314E28,-3.697314E28,-3.697314E28,-3.697314E28,-3.697314E28,0.0000000,3,Missing,-3.697314E28,-3.697314E28,-3.697314E28,Missing,-3.697314E28,-3.697314E28,-3.697314E28,Missing,-3.697314E28,-3.697314E28,-3.697314E28,Port 0x02: JJH T tibia tracker  s/n:3E4C8800,935958157,1782824902.618599554,1,OK,0.8575865,-0.0833807,-0.2069463,0.4634288,-1.646,-99.254,-1551.764,0.1912364,3,OK,-1.575,-99.404,-1551.738,OK,49.849,-177.655,-1531.294,OK,-45.022,-173.650,-1576.617,Port 0x03: JJH Y femur tracker  s/n:3E4C8801,935958157,1782824902.618599554,1,OK,0.6673306,-0.2800673,-0.2097930,0.6574337,-197.647,-93.769,-1641.918,0.5927808,3,OK,-197.431,-93.147,-1641.812,OK,-261.919,-153.630,-1689.330,OK,-201.915,-187.027,-1633.485
3,Port 0x01: JJH Probe  s/n:3E4C880C,935958160,1782824902.668599554,1,Too Few Markers,-3.697314E28,-3.697314E28,-3.697314E28,-3.697314E28,-3.697314E28,-3.697314E28,-3.697314E28,0.0000000,3,Missing,-3.697314E28,-3.697314E28,-3.697314E28,Missing,-3.697314E28,-3.697314E28,-3.697314E28,Missing,-3.697314E28,-3.697314E28,-3.697314E28,Port 0x02: JJH T tibia tracker  s/n:3E4C8800,935958160,1782824902.668599554,1,OK,0.8576310,-0.0849297,-0.2056256,0.4636531,-1.748,-99.212,-1551.125,0.2031255,3,OK,-1.682,-99.363,-1551.101,OK,49.709,-177.560,-1530.397,OK,-45.163,-173.679,-1575.634,Port 0x03: JJH Y femur tracker  s/n:3E4C8801,935958160,1782824902.668599554,1,OK,0.6659936,-0.2850146,-0.2147637,0.6550540,-196.625,-93.575,-1643.347,0.5957310,3,OK,-196.413,-92.951,-1643.241,OK,-260.219,-153.377,-1691.732,OK,-201.083,-186.839,-1634.993
3,Port 0x01: JJH Probe  s/n:3E4C880C,935958163,1782824902.718599554,1,Too Few Markers,-3.697314E28,-3.697314E28,-3.697314E28,-3.697314E28,-3.697314E28,-3.697314E28,-3.697314E28,0.0000000,3,Missing,-3.697314E28,-3.697314E28,-3.697314E28,Missing,-3.697314E28,-3.697314E28,-3.697314E28,Missing,-3.697314E28,-3.697314E28,-3.697314E28,Port 0x02: JJH T tibia tracker  s/n:3E4C8800,935958163,1782824902.718599554,1,OK,0.8575083,-0.0866015,-0.2046849,0.4639869,-1.807,-99.215,-1550.400,0.2078606,3,OK,-1.722,-99.363,-1550.366,OK,49.631,-177.477,-1529.374,OK,-45.247,-173.788,-1574.622,Port 0x03: JJH Y femur tracker  s/n:3E4C8801,935958163,1782824902.718599554,1,OK,0.6645090,-0.2901887,-0.2193733,0.6527585,-195.633,-93.498,-1644.701,0.6167843,3,OK,-195.424,-92.890,-1644.592,OK,-258.582,-153.267,-1694.022,OK,-200.241,-186.761,-1636.310
3,Port 0x01: JJH Probe  s/n:3E4C880C,935958166,1782824902.768599554,1,Too Few Markers,-3.697314E28,-3.697314E28,-3.697314E28,-3.697314E28,-3.697314E28,-3.697314E28,-3.697314E28,0.0000000,3,Missing,-3.697314E28,-3.697314E28,-3.697314E28,Missing,-3.697314E28,-3.697314E28,-3.697314E28,Missing,-3.697314E28,-3.697314E28,-3.697314E28,Port 0x02: JJH T tibia tracker  s/n:3E4C8800,935958166,1782824902.768599554,1,OK,0.8573665,-0.0890893,-0.2034236,0.4643324,-1.875,-99.186,-1549.812,0.2044979,3,OK,-1.804,-99.342,-1549.785,OK,49.528,-177.363,-1528.337,OK,-45.345,-173.855,-1573.619,Port 0x03: JJH Y femur tracker  s/n:3E4C8801,935958166,1782824902.768599554,1,OK,0.6633308,-0.2943604,-0.2236387,0.6506381,-194.643,-93.353,-1645.979,0.6015574,3,OK,-194.449,-92.744,-1645.880,OK,-256.961,-153.064,-1696.095,OK,-199.433,-186.622,-1637.688
3,Port 0x01: JJH Probe  s/n:3E4C880C,935958169,1782824902.818599554,1,Too Few Markers,-3.697314E28,-3.697314E28,-3.697314E28,-3.697314E28,-3.697314E28,-3.697314E28,-3.697314E28,0.0000000,3,Missing,-3.697314E28,-3.697314E28,-3.697314E28,Missing,-3.697314E28,-3.697314E28,-3.697314E28,Missing,-3.697314E28,-3.697314E28,-3.697314E28,Port 0x02: JJH T tibia tracker  s/n:3E4C8800,935958169,1782824902.818599554,1,OK,0.8571225,-0.0908352,-0.2028627,0.4646898,-1.959,-99.189,-1549.159,0.1947865,3,OK,-1.886,-99.343,-1549.130,OK,49.444,-177.283,-1527.353,OK,-45.425,-173.949,-1572.727,Port 0x03: JJH Y femur tracker  s/n:3E4C8801,935958169,1782824902.818599554,1,OK,0.6619393,-0.2989010,-0.2281466,0.6484163,-193.670,-93.259,-1647.156,0.6167664,3,OK,-193.476,-92.658,-1647.052,OK,-255.345,-152.924,-1698.156,OK,-198.597,-186.531,-1638.909
3,Port 0x01: JJH Probe  s/n:3E4C880C,935958172,1782824902.868599554,1,Too Few Markers,-3.697314E28,-3.697314E28,-3.697314E28,-3.697314E28,-3.697314E28,-3.697314E28,-3.697314E28,0.0000000,3,Missing,-3.697314E28,-3.697314E28,-3.697314E28,Missing,-3.697314E28,-3.697314E28,-3.697314E28,Missing,-3.697314E28,-3.697314E28,-3.697314E28,Port 0x02: JJH T tibia tracker  s/n:3E4C8800,935958172,1782824902.868599554,1,OK,0.8570952,-0.0917734,-0.2019239,0.4649647,-2.066,-99.145,-1548.586,0.1985348,3,OK,-1.992,-99.290,-1548.556,OK,49.340,-177.188,-1526.622,OK,-45.544,-173.968,-1571.921,Port 0x03: JJH Y femur tracker  s/n:3E4C8801,935958172,1782824902.868599554,1,OK,0.6607305,-0.3028347,-0.2325429,0.6462586,-192.736,-93.120,-1648.312,0.6108050,3,OK,-192.533,-92.510,-1648.197,OK,-253.776,-152.738,-1700.130,OK,-197.827,-186.384,-1640.218
3,Port 0x01: JJH Probe  s/n:3E4C880C,935958175,1782824902.918599554,1,Too Few Markers,-3.697314E28,-3.697314E28,-3.697314E28,-3.697314E28,-3.697314E28,-3.697314E28,-3.697314E28,0.0000000,3,Missing,-3.697314E28,-3.697314E28,-3.697314E28,Missing,-3.697314E28,-3.697314E28,-3.697314E28,Missing,-3.697314E28,-3.697314E28,-3.697314E28,Port 0x02: JJH T tibia tracker  s/n:3E4C8800,935958175,1782824902.918599554,1,OK,0.8570356,-0.0931290,-0.2011420,0.4651439,-2.116,-99.184,-1548.202,0.1970718,3,OK,-2.052,-99.331,-1548.176,OK,49.270,-177.181,-1525.996,OK,-45.615,-174.057,-1571.295,Port 0x03: JJH Y femur tracker  s/n:3E4C8801,935958175,1782824902.918599554,1,OK,0.6594348,-0.3070534,-0.2368979,0.6440058,-191.728,-93.024,-1649.495,0.6151357,3,OK,-191.528,-92.408,-1649.380,OK,-252.116,-152.584,-1702.133,OK,-196.983,-186.296,-1641.497
3,Port 0x01: JJH Probe  s/n:3E4C880C,935958178,1782824902.968599553,1,Too Few Markers,-3.697314E28,-3.697314E28,-3.697314E28,-3.697314E28,-3.697314E28,-3.697314E28,-3.697314E28,0.0000000,3,Missing,-3.697314E28,-3.697314E28,-3.697314E28,Missing,-3.697314E28,-3.697314E28,-3.697314E28,Missing,-3.697314E28,-3.697314E28,-3.697314E28,Port 0x02: JJH T tibia tracker  s/n:3E4C8800,935958178,1782824902.968599553,1,OK,0.8569571,-0.0941779,-0.2007619,0.4652415,-2.160,-99.122,-1547.926,0.1909735,3,OK,-2.094,-99.268,-1547.899,OK,49.207,-177.084,-1525.527,OK,-45.679,-174.037,-1570.874,Port 0x03: JJH Y femur tracker  s/n:3E4C8801,935958178,1782824902.968599553,1,OK,0.6579819,-0.3117431,-0.2410927,0.6416777,-190.605,-92.824,-1650.788,0.6056565,3,OK,-190.430,-92.224,-1650.694,OK,-250.300,-152.334,-1704.200,OK,-196.041,-186.102,-1642.801
3,Port 0x01: JJH Probe  s/n:3E4C880C,935958181,1782824903.018599553,1,Too Few Markers,-3.697314E28,-3.697314E28,-3.697314E28,-3.697314E28,-3.697314E28,-3.697314E28,-3.697314E28,0.0000000,3,Missing,-3.697314E28,-3.697314E28,-3.697314E28,Missing,-3.697314E28,-3.697314E28,-3.697314E28,Missing,-3.697314E28,-3.697314E28,-3.697314E28,Port 0x02: JJH T tibia tracker  s/n:3E4C8800,935958181,1782824903.018599553,1,OK,0.8569282,-0.0938644,-0.2007361,0.4653693,-2.264,-99.107,-1547.483,0.1997691,3,OK,-2.178,-99.243,-1547.446,OK,49.122,-177.047,-1525.145,OK,-45.768,-174.050,-1570.452,Port 0x03: JJH Y femur tracker  s/n:3E4C8801,935958181,1782824903.018599553,1,OK,0.6564703,-0.3166888,-0.2462178,0.6388519,-189.435,-92.642,-1652.208,0.6101907,3,OK,-189.254,-92.042,-1652.104,OK,-248.358,-152.074,-1706.584,OK,-195.080,-185.913,-1644.350
3,Port 0x01: JJH Probe  s/n:3E4C880C,935958184,1782824903.068599553,1,Too Few Markers,-3.697314E28,-3.697314E28,-3.697314E28,-3.697314E28,-3.697314E28,-3.697314E28,-3.697314E28,0.0000000,3,Missing,-3.697314E28,-3.697314E28,-3.697314E28,Missing,-3.697314E28,-3.697314E28,-3.697314E28,Missing,-3.697314E28,-3.697314E28,-3.697314E28,Port 0x02: JJH T tibia tracker  s/n:3E4C8800,935958184,1782824903.068599553,1,OK,0.8570513,-0.0940620,-0.2001289,0.4653643,-2.916,-99.415,-1547.523,0.2029745,3,OK,-2.834,-99.559,-1547.488,OK,48.465,-177.351,-1525.163,OK,-46.460,-174.356,-1570.384,Port 0x03: JJH Y femur tracker  s/n:3E4C8801,935958184,1782824903.068599553,1,OK,0.6583195,-0.3201503,-0.2482089,0.6344380,-190.424,-91.858,-1653.342,0.6261078,3,OK,-190.240,-91.270,-1653.234,OK,-249.391,-150.694,-1708.350,OK,-196.916,-185.093,-1645.635
3,Port 0x01: JJH Probe  s/n:3E4C880C,935958187,1782824903.118599553,1,Too Few Markers,-3.697314E28,-3.697314E28,-3.697314E28,-3.697314E28,-3.697314E28,-3.697314E28,-3.697314E28,0.0000000,3,Missing,-3.697314E28,-3.697314E28,-3.697314E28,Missing,-3.697314E28,-3.697314E28,-3.697314E28,Missing,-3.697314E28,-3.697314E28,-3.697314E28,Port 0x02: JJH T tibia tracker  s/n:3E4C8800,935958187,1782824903.118599553,1,OK,0.8582130,-0.0927454,-0.2011474,0.4630426,-2.635,-99.520,-1548.581,0.1958861,3,OK,-2.580,-99.669,-1548.559,OK,48.408,-177.796,-1526.531,OK,-46.477,-174.148,-1571.781,Port 0x03: JJH Y femur tracker  s/n:3E4C8801,935958187,1782824903.118599553,1,OK,0.6571084,-0.3183361,-0.2465945,0.6372299,-189.346,-92.257,-1652.589,0.6071384,3,OK,-189.188,-91.663,-1652.510,OK,-248.278,-151.477,-1707.114,OK,-195.341,-185.528,-1644.696
3,Port 0x01: JJH Probe  s/n:3E4C880C,935958190,1782824903.168599553,1,Too Few Markers,-3.697314E28,-3.697314E28,-3.697314E28,-3.697314E28,-3.697314E28,-3.697314E28,-3.697314E28,0.0000000,3,Missing,-3.697314E28,-3.697314E28,-3.697314E28,Missing,-3.697314E28,-3.697314E28,-3.697314E28,Missing,-3.697314E28,-3.697314E28,-3.697314E28,Port 0x02: JJH T tibia tracker  s/n:3E4C8800,935958190,1782824903.168599553,1,OK,0.8577272,-0.0975932,-0.1980252,0.4642905,-2.736,-99.624,-1546.848,0.1904926,3,OK,-2.678,-99.779,-1546.823,OK,48.343,-177.626,-1523.917,OK,-46.608,-174.522,-1569.133,Port 0x03: JJH Y femur tracker  s/n:3E4C8801,935958190,1782824903.168599553,1,OK,0.6585714,-0.3193912,-0.2470737,0.6350021,-189.940,-92.086,-1652.668,0.6009769,3,OK,-189.771,-91.496,-1652.578,OK,-249.023,-150.954,-1707.425,OK,-196.427,-185.320,-1644.916
3,Port 0x01: JJH Probe  s/n:3E4C880C,935958193,1782824903.218599553,1,Too Few Markers,-3.697314E28,-3.697314E28,-3.697314E28,-3.697314E28,-3.697314E28,-3.697314E28,-3.697314E28,0.0000000,3,Missing,-3.697314E28,-3.697314E28,-3.697314E28,Missing,-3.697314E28,-3.697314E28,-3.697314E28,Missing,-3.697314E28,-3.697314E28,-3.697314E28,Port 0x02: JJH T tibia tracker  s/n:3E4C8800,935958193,1782824903.218599553,1,OK,0.8586606,-0.0933848,-0.2003501,0.4624296,-3.183,-100.037,-1548.127,0.1960560,3,OK,-3.114,-100.181,-1548.098,OK,47.728,-178.365,-1526.003,OK,-47.195,-174.632,-1571.183,Port 0x03: JJH Y femur tracker  s/n:3E4C8801,935958193,1782824903.218599553,1,OK,0.6599452,-0.3205140,-0.2481519,0.6325850,-190.572,-91.350,-1653.494,0.6098338,3,OK,-190.394,-90.761,-1653.396,OK,-249.747,-149.830,-1708.602,OK,-197.527,-184.566,-1645.943
3,Port 0x01: JJH Probe  s/n:3E4C880C,935958196,1782824903.268599553,1,Too Few Markers,-3.697314E28,-3.697314E28,-3.697314E28,-3.697314E28,-3.697314E28,-3.697314E28,-3.697314E28,0.0000000,3,Missing,-3.697314E28,-3.697314E28,-3.697314E28,Missing,-3.697314E28,-3.697314E28,-3.697314E28,Missing,-3.697314E28,-3.697314E28,-3.697314E28,Port 0x02: JJH T tibia tracker  s/n:3E4C8800,935958196,1782824903.268599553,1,OK,0.8605375,-0.0854772,-0.2044813,0.4586461,-3.831,-100.517,-1550.776,0.1976583,3,OK,-3.768,-100.659,-1550.752,OK,46.745,-179.480,-1530.183,OK,-48.160,-174.462,-1575.248,Port 0x03: JJH Y femur tracker  s/n:3E4C8801,935958196,1782824903.268599553,1,OK,0.6589546,-0.3201337,-0.2480140,0.6338630,-190.389,-91.438,-1653.409,0.6040175,3,OK,-190.205,-90.848,-1653.303,OK,-249.440,-150.162,-1708.401,OK,-197.060,-184.653,-1645.772
3,Port 0x01: JJH Probe  s/n:3E4C880C,935958199,1782824903.318599553,1,Too Few Markers,-3.697314E28,-3.697314E28,-3.697314E28,-3.697314E28,-3.697314E28,-3.697314E28,-3.697314E28,0.0000000,3,Missing,-3.697314E28,-3.697314E28,-3.697314E28,Missing,-3.697314E28,-3.697314E28,-3.697314E28,Missing,-3.697314E28,-3.697314E28,-3.697314E28,Port 0x02: JJH T tibia tracker  s/n:3E4C8800,935958199,1782824903.318599553,1,OK,0.8603703,-0.0906223,-0.2017703,0.4591724,-4.178,-100.464,-1549.153,0.2058975,3,OK,-4.112,-100.622,-1549.127,OK,46.275,-179.249,-1527.646,OK,-48.617,-174.613,-1572.768,Port 0x03: JJH Y femur tracker  s/n:3E4C8801,935958199,1782824903.318599553,1,OK,0.6587213,-0.3202702,-0.2485385,0.6338311,-190.382,-91.486,-1653.473,0.6082107,3,OK,-190.205,-90.906,-1653.373,OK,-249.354,-150.208,-1708.554,OK,-197.000,-184.713,-1645.862
3,Port 0x01: JJH Probe  s/n:3E4C880C,935958202,1782824903.368599553,1,Too Few Markers,-3.697314E28,-3.697314E28,-3.697314E28,-3.697314E28,-3.697314E28,-3.697314E28,-3.697314E28,0.0000000,3,Missing,-3.697314E28,-3.697314E28,-3.697314E28,Missing,-3.697314E28,-3.697314E28,-3.697314E28,Missing,-3.697314E28,-3.697314E28,-3.697314E28,Port 0x02: JJH T tibia tracker  s/n:3E4C8800,935958202,1782824903.368599553,1,OK,0.8599237,-0.0948183,-0.1996553,0.4600854,-4.097,-100.428,-1548.072,0.1989864,3,OK,-4.039,-100.590,-1548.048,OK,46.356,-179.013,-1525.791,OK,-48.542,-174.789,-1570.985,Port 0x03: JJH Y femur tracker  s/n:3E4C8801,935958202,1782824903.368599553,1,OK,0.6592167,-0.3201668,-0.2485273,0.6333725,-190.410,-91.474,-1653.520,0.6082934,3,OK,-190.228,-90.890,-1653.415,OK,-249.458,-150.096,-1708.634,OK,-197.142,-184.695,-1645.975
3,Port 0x01: JJH Probe  s/n:3E4C880C,935958205,1782824903.418599553,1,Too Few Markers,-3.697314E28,-3.697314E28,-3.697314E28,-3.697314E28,-3.697314E28,-3.697314E28,-3.697314E28,0.0000000,3,Missing,-3.697314E28,-3.697314E28,-3.697314E28,Missing,-3.697314E28,-3.697314E28,-3.697314E28,Missing,-3.697314E28,-3.697314E28,-3.697314E28,Port 0x02: JJH T tibia tracker  s/n:3E4C8800,935958205,1782824903.418599553,1,OK,0.8600077,-0.0936686,-0.2006887,0.4597140,-4.234,-100.462,-1548.453,0.1914473,3,OK,-4.158,-100.616,-1548.421,OK,46.205,-179.108,-1526.374,OK,-48.691,-174.766,-1571.642,Port 0x03: JJH Y femur tracker  s/n:3E4C8801,935958205,1782824903.418599553,1,OK,0.6597592,-0.3204473,-0.2478514,0.6329305,-190.641,-91.340,-1653.537,0.5912057,3,OK,-190.482,-90.759,-1653.458,OK,-249.790,-149.870,-1708.546,OK,-197.552,-184.557,-1645.938
3,Port 0x01: JJH Probe  s/n:3E4C880C,935958208,1782824903.468599553,1,Too Few Markers,-3.697314E28,-3.697314E28,-3.697314E28,-3.697314E28,-3.697314E28,-3.697314E28,-3.697314E28,0.0000000,3,Missing,-3.697314E28,-3.697314E28,-3.697314E28,Missing,-3.697314E28,-3.697314E28,-3.697314E28,Missing,-3.697314E28,-3.697314E28,-3.697314E28,Port 0x02: JJH T tibia tracker  s/n:3E4C8800,935958208,1782824903.468599553,1,OK,0.8599072,-0.0946147,-0.1997657,0.4601101,-4.185,-100.437,-1548.055,0.1959927,3,OK,-4.120,-100.586,-1548.027,OK,46.278,-179.023,-1525.809,OK,-48.623,-174.807,-1571.003,Port 0x03: JJH Y femur tracker  s/n:3E4C8801,935958208,1782824903.468599553,1,OK,0.6601099,-0.3207718,-0.2476780,0.6324682,-190.732,-91.313,-1653.395,0.5997944,3,OK,-190.555,-90.727,-1653.298,OK,-249.962,-149.792,-1708.428,OK,-197.767,-184.509,-1645.778
3,Port 0x01: JJH Probe  s/n:3E4C880C,935958211,1782824903.518599553,1,Too Few Markers,-3.697314E28,-3.697314E28,-3.697314E28,-3.697314E28,-3.697314E28,-3.697314E28,-3.697314E28,0.0000000,3,Missing,-3.697314E28,-3.697314E28,-3.697314E28,Missing,-3.697314E28,-3.697314E28,-3.697314E28,Missing,-3.697314E28,-3.697314E28,-3.697314E28,Port 0x02: JJH T tibia tracker  s/n:3E4C8800,935958211,1782824903.518599553,1,OK,0.8596865,-0.0960848,-0.1991447,0.4604869,-4.152,-100.393,-1547.656,0.1937237,3,OK,-4.092,-100.553,-1547.631,OK,46.325,-178.897,-1525.132,OK,-48.577,-174.834,-1570.375,Port 0x03: JJH Y femur tracker  s/n:3E4C8801,935958211,1782824903.518599553,1,OK,0.6601009,-0.3207630,-0.2476292,0.6325011,-190.703,-91.306,-1653.471,0.5958610,3,OK,-190.543,-90.729,-1653.392,OK,-249.924,-149.769,-1708.486,OK,-197.729,-184.514,-1645.839
3,Port 0x01: JJH Probe  s/n:3E4C880C,935958214,1782824903.568599553,1,Too Few Markers,-3.697314E28,-3.697314E28,-3.697314E28,-3.697314E28,-3.697314E28,-3.697314E28,-3.697314E28,0.0000000,3,Missing,-3.697314E28,-3.697314E28,-3.697314E28,Missing,-3.697314E28,-3.697314E28,-3.697314E28,Missing,-3.697314E28,-3.697314E28,-3.697314E28,Port 0x02: JJH T tibia tracker  s/n:3E4C8800,935958214,1782824903.568599553,1,OK,0.8597769,-0.0954095,-0.1993423,0.4603731,-4.158,-100.384,-1547.685,0.1988088,3,OK,-4.088,-100.533,-1547.655,OK,46.314,-178.915,-1525.293,OK,-48.584,-174.809,-1570.494,Port 0x03: JJH Y femur tracker  s/n:3E4C8801,935958214,1782824903.568599553,1,OK,0.6598044,-0.3206090,-0.2478886,0.6327869,-190.627,-91.339,-1653.550,0.6025208,3,OK,-190.462,-90.763,-1653.464,OK,-249.796,-149.853,-1708.596,OK,-197.554,-184.553,-1645.930
3,Port 0x01: JJH Probe  s/n:3E4C880C,935958217,1782824903.618599553,1,Too Few Markers,-3.697314E28,-3.697314E28,-3.697314E28,-3.697314E28,-3.697314E28,-3.697314E28,-3.697314E28,0.0000000,3,Missing,-3.697314E28,-3.697314E28,-3.697314E28,Missing,-3.697314E28,-3.697314E28,-3.697314E28,Missing,-3.697314E28,-3.697314E28,-3.697314E28,Port 0x02: JJH T tibia tracker  s/n:3E4C8800,935958217,1782824903.618599553,1,OK,0.8597862,-0.0952628,-0.1995057,0.4603153,-4.170,-100.410,-1547.629,0.1978792,3,OK,-4.094,-100.555,-1547.596,OK,46.297,-178.949,-1525.263,OK,-48.599,-174.831,-1570.480,Port 0x03: JJH Y femur tracker  s/n:3E4C8801,935958217,1782824903.618599553,1,OK,0.6594186,-0.3205037,-0.2481666,0.6331333,-190.561,-91.399,-1653.397,0.6056975,3,OK,-190.385,-90.819,-1653.298,OK,-249.661,-149.992,-1708.469,OK,-197.382,-184.612,-1645.789
3,Port 0x01: JJH Probe  s/n:3E4C880C,935958220,1782824903.668599553,1,Too Few Markers,-3.697314E28,-3.697314E28,-3.697314E28,-3.697314E28,-3.697314E28,-3.697314E28,-3.697314E28,0.0000000,3,Missing,-3.697314E28,-3.697314E28,-3.697314E28,Missing,-3.697314E28,-3.697314E28,-3.697314E28,Missing,-3.697314E28,-3.697314E28,-3.697314E28,Port 0x02: JJH T tibia tracker  s/n:3E4C8800,935958220,1782824903.668599553,1,OK,0.8597706,-0.0958956,-0.1992613,0.4603189,-4.201,-100.415,-1547.777,0.1892080,3,OK,-4.140,-100.562,-1547.751,OK,46.254,-178.950,-1525.293,OK,-48.645,-174.841,-1570.535,Port 0x03: JJH Y femur tracker  s/n:3E4C8801,935958220,1782824903.668599553,1,OK,0.6594066,-0.3203426,-0.2481013,0.6332530,-190.566,-91.407,-1653.488,0.5943806,3,OK,-190.401,-90.828,-1653.400,OK,-249.655,-150.003,-1708.521,OK,-197.374,-184.625,-1645.892
3,Port 0x01: JJH Probe  s/n:3E4C880C,935958223,1782824903.718599553,1,Too Few Markers,-3.697314E28,-3.697314E28,-3.697314E28,-3.697314E28,-3.697314E28,-3.697314E28,-3.697314E28,0.0000000,3,Missing,-3.697314E28,-3.697314E28,-3.697314E28,Missing,-3.697314E28,-3.697314E28,-3.697314E28,Missing,-3.697314E28,-3.697314E28,-3.697314E28,Port 0x02: JJH T tibia tracker  s/n:3E4C8800,935958223,1782824903.718599553,1,OK,0.8598474,-0.0954679,-0.1991963,0.4602924,-4.157,-100.399,-1547.730,0.2017036,3,OK,-4.102,-100.556,-1547.707,OK,46.300,-178.946,-1525.334,OK,-48.593,-174.801,-1570.509,Port 0x03: JJH Y femur tracker  s/n:3E4C8801,935958223,1782824903.718599553,1,OK,0.6595450,-0.3203909,-0.2483652,0.6329808,-190.562,-91.383,-1653.466,0.6125668,3,OK,-190.375,-90.791,-1653.358,OK,-249.671,-149.946,-1708.585,OK,-197.404,-184.597,-1645.914
3,Port 0x01: JJH Probe  s/n:3E4C880C,935958226,1782824903.768599553,1,Too Few Markers,-3.697314E28,-3.697314E28,-3.697314E28,-3.697314E28,-3.697314E28,-3.697314E28,-3.697314E28,0.0000000,3,Missing,-3.697314E28,-3.697314E28,-3.697314E28,Missing,-3.697314E28,-3.697314E28,-3.697314E28,Missing,-3.697314E28,-3.697314E28,-3.697314E28,Port 0x02: JJH T tibia tracker  s/n:3E4C8800,935958226,1782824903.768599553,1,OK,0.8597185,-0.0964574,-0.1989219,0.4604455,-4.131,-100.416,-1547.776,0.1909192,3,OK,-4.089,-100.579,-1547.759,OK,46.332,-178.929,-1525.186,OK,-48.568,-174.847,-1570.426,Port 0x03: JJH Y femur tracker  s/n:3E4C8801,935958226,1782824903.768599553,1,OK,0.6597778,-0.3204728,-0.2480029,0.6328388,-190.586,-91.364,-1653.414,0.5965340,3,OK,-190.418,-90.781,-1653.324,OK,-249.736,-149.887,-1708.464,OK,-197.503,-184.576,-1645.834
3,Port 0x01: JJH Probe  s/n:3E4C880C,935958229,1782824903.818599553,1,Too Few Markers,-3.697314E28,-3.697314E28,-3.697314E28,-3.697314E28,-3.697314E28,-3.697314E28,-3.697314E28,0.0000000,3,Missing,-3.697314E28,-3.697314E28,-3.697314E28,Missing,-3.697314E28,-3.697314E28,-3.697314E28,Missing,-3.697314E28,-3.697314E28,-3.697314E28,Port 0x02: JJH T tibia tracker  s/n:3E4C8800,935958229,1782824903.818599553,1,OK,0.8597633,-0.0959561,-0.1990246,0.4604224,-4.177,-100.401,-1547.671,0.1995585,3,OK,-4.122,-100.552,-1547.648,OK,46.283,-178.925,-1525.183,OK,-48.602,-174.833,-1570.377,Port 0x03: JJH Y femur tracker  s/n:3E4C8801,935958229,1782824903.818599553,1,OK,0.6599078,-0.3205035,-0.2479798,0.6326968,-190.656,-91.355,-1653.453,0.5975218,3,OK,-190.483,-90.771,-1653.359,OK,-249.830,-149.856,-1708.513,OK,-197.608,-184.562,-1645.882
