Tools,Port 0x01: JJH Probe  s/n:3E4C880C,Frame,Time [sec],Face,State,Q0,Qx,Qy,Qz,Tx,Ty,Tz,Error,Markers,State,Tx,Ty,Tz,State,Tx,Ty,Tz,State,Tx,Ty,Tz,Port 0x02: JJH T tibia tracker  s/n:3E4C8800,Frame,Time [sec],Face,State,Q0,Qx,Qy,Qz,Tx,Ty,Tz,Error,Markers,State,Tx,Ty,Tz,State,Tx,Ty,Tz,State,Tx,Ty,Tz,Port 0x03: JJH Y femur tracker  s/n:3E4C8801,Frame,Time [sec],Face,State,Q0,Qx,Qy,Qz,Tx,Ty,Tz,Error,Markers,State,Tx,Ty,Tz,State,Tx,Ty,Tz,State,Tx,Ty,Tz
3,Port 0x01: JJH Probe  s/n:3E4C880C,1128318490,1786030908.168723313,1,Too Few Markers,-3.697314E28,-3.697314E28,-3.697314E28,-3.697314E28,-3.697314E28,-3.697314E28,-3.697314E28,0.0000000,3,Missing,-3.697314E28,-3.697314E28,-3.697314E28,Missing,-3.697314E28,-3.697314E28,-3.697314E28,Missing,-3.697314E28,-3.697314E28,-3.697314E28,Port 0x02: JJH T tibia tracker  s/n:3E4C8800,1128318490,1786030908.168723313,1,OK,0.5108367,0.2231569,-0.1217334,-0.8212356,58.753,80.398,-1366.417,0.2555166,3,OK,58.655,80.202,-1366.478,OK,1.089,151.386,-1396.639,OK,92.942,160.774,-1344.553,Port 0x03: JJH Y femur tracker  s/n:3E4C8801,1128318490,1786030908.168723313,1,OK,0.4144031,0.1136301,0.2579798,0.8653350,-182.335,-184.997,-1305.813,0.4828683,3,OK,-182.617,-184.515,-1305.877,OK,-198.154,-272.408,-1261.478,OK,-123.616,-257.738,-1304.000
3,Port 0x01: JJH Probe  s/n:3E4C880C,1128318493,1786030908.218723313,1,Too Few Markers,-3.697314E28,-3.697314E28,-3.697314E28,-3.697314E28,-3.697314E28,-3.697314E28,-3.697314E28,0.0000000,3,Missing,-3.697314E28,-3.697314E28,-3.697314E28,Missing,-3.697314E28,-3.697314E28,-3.697314E28,Missing,-3.697314E28,-3.697314E28,-3.697314E28,Port 0x02: JJH T tibia tracker  s/n:3E4C8800,1128318493,1786030908.218723313,1,OK,0.5108387,0.2233819,-0.1216003,-0.8211929,58.758,80.400,-1366.430,0.2591321,3,OK,58.654,80.214,-1366.495,OK,1.088,151.383,-1396.637,OK,92.938,160.774,-1344.517,Port 0x03: JJH Y femur tracker  s/n:3E4C8801,1128318493,1786030908.218723313,1,OK,0.4144353,0.1137817,0.2579066,0.8653215,-182.333,-184.989,-1305.798,0.4792431,3,OK,-182.614,-184.514,-1305.859,OK,-198.159,-272.405,-1261.482,OK,-123.625,-257.737,-1304.015
3,Port 0x01: JJH Probe  s/n:3E4C880C,1128318496,1786030908.268723313,1,Too Few Markers,-3.697314E28,-3.697314E28,-3.697314E28,-3.697314E28,-3.697314E28,-3.697314E28,-3.697314E28,0.0000000,3,Missing,-3.697314E28,-3.697314E28,-3.697314E28,Missing,-3.697314E28,-3.697314E28,-3.697314E28,Missing,-3.697314E28,-3.697314E28,-3.697314E28,Port 0x02: JJH T tibia tracker  s/n:3E4C8800,1128318496,1786030908.268723313,1,OK,0.5108391,0.2235581,-0.1215376,-0.8211539,58.801,80.395,-1366.468,0.2605189,3,OK,58.695,80.214,-1366.534,OK,1.127,151.376,-1396.672,OK,92.971,160.765,-1344.523,Port 0x03: JJH Y femur tracker  s/n:3E4C8801,1128318496,1786030908.268723313,1,OK,0.4144143,0.1134311,0.2578754,0.8653869,-182.304,-185.005,-1305.839,0.4884688,3,OK,-182.589,-184.520,-1305.903,OK,-198.128,-272.419,-1261.519,OK,-123.584,-257.744,-1303.999
3,Port 0x01: JJH Probe  s/n:3E4C880C,1128318499,1786030908.318723313,1,Too Few Markers,-3.697314E28,-3.697314E28,-3.697314E28,-3.697314E28,-3.697314E28,-3.697314E28,-3.697314E28,0.0000000,3,Missing,-3.697314E28,-3.697314E28,-3.697314E28,Missing,-3.697314E28,-3.697314E28,-3.697314E28,Missing,-3.697314E28,-3.697314E28,-3.697314E28,Port 0x02: JJH T tibia tracker  s/n:3E4C8800,1128318499,1786030908.318723313,1,OK,0.5108157,0.2235959,-0.1215235,-0.8211603,58.760,80.396,-1366.454,0.2676381,3,OK,58.650,80.208,-1366.523,OK,1.090,151.379,-1396.656,OK,92.936,160.772,-1344.499,Port 0x03: JJH Y femur tracker  s/n:3E4C8801,1128318499,1786030908.318723313,1,OK,0.4143975,0.1136257,0.2580788,0.8653088,-182.338,-184.998,-1305.823,0.4841326,3,OK,-182.620,-184.514,-1305.888,OK,-198.152,-272.403,-1261.470,OK,-123.619,-257.738,-1304.000
3,Port 0x01: JJH Probe  s/n:3E4C880C,1128318502,1786030908.368723313,1,Too Few Markers,-3.697314E28,-3.697314E28,-3.697314E28,-3.697314E28,-3.697314E28,-3.697314E28,-3.697314E28,0.0000000,3,Missing,-3.697314E28,-3.697314E28,-3.697314E28,Missing,-3.697314E28,-3.697314E28,-3.697314E28,Missing,-3.697314E28,-3.697314E28,-3.697314E28,Port 0x02: JJH T tibia tracker  s/n:3E4C8800,1128318502,1786030908.368723313,1,OK,0.5108359,0.2234130,-0.1215328,-0.8211961,58.758,80.394,-1366.463,0.2623515,3,OK,58.650,80.202,-1366.530,OK,1.088,151.378,-1396.657,OK,92.936,160.771,-1344.539,Port 0x03: JJH Y femur tracker  s/n:3E4C8801,1128318502,1786030908.368723313,1,OK,0.4144066,0.1135966,0.2580524,0.8653161,-182.339,-185.001,-1305.831,0.4826724,3,OK,-182.619,-184.518,-1305.898,OK,-198.158,-272.410,-1261.480,OK,-123.622,-257.740,-1304.007
3,Port 0x01: JJH Probe  s/n:3E4C880C,1128318505,1786030908.418723313,1,Too Few Markers,-3.697314E28,-3.697314E28,-3.697314E28,-3.697314E28,-3.697314E28,-3.697314E28,-3.697314E28,0.0000000,3,Missing,-3.697314E28,-3.697314E28,-3.697314E28,Missing,-3.697314E28,-3.697314E28,-3.697314E28,Missing,-3.697314E28,-3.697314E28,-3.697314E28,Port 0x02: JJH T tibia tracker  s/n:3E4C8800,1128318505,1786030908.418723313,1,OK,0.5108796,0.2232267,-0.1215251,-0.8212208,58.796,80.396,-1366.466,0.2538305,3,OK,58.691,80.206,-1366.531,OK,1.124,151.377,-1396.649,OK,92.970,160.773,-1344.575,Port 0x03: JJH Y femur tracker  s/n:3E4C8801,1128318505,1786030908.418723313,1,OK,0.4144113,0.1134925,0.2580436,0.8653301,-182.305,-185.000,-1305.831,0.4841595,3,OK,-182.585,-184.519,-1305.895,OK,-198.122,-272.402,-1261.481,OK,-123.587,-257.736,-1303.988
3,Port 0x01: JJH Probe  s/n:3E4C880C,1128318508,1786030908.468723313,1,Too Few Markers,-3.697314E28,-3.697314E28,-3.697314E28,-3.697314E28,-3.697314E28,-3.697314E28,-3.697314E28,0.0000000,3,Missing,-3.697314E28,-3.697314E28,-3.697314E28,Missing,-3.697314E28,-3.697314E28,-3.697314E28,Missing,-3.697314E28,-3.697314E28,-3.697314E28,Port 0x02: JJH T tibia tracker  s/n:3E4C8800,1128318508,1786030908.468723313,1,OK,0.5108852,0.2234424,-0.1213582,-0.8211833,58.781,80.403,-1366.478,0.2568343,3,OK,58.675,80.214,-1366.544,OK,1.098,151.387,-1396.641,OK,92.941,160.776,-1344.539,Port 0x03: JJH Y femur tracker  s/n:3E4C8801,1128318508,1786030908.468723313,1,OK,0.4143883,0.1135969,0.2580704,0.8653195,-182.332,-184.999,-1305.828,0.4860415,3,OK,-182.615,-184.513,-1305.894,OK,-198.144,-272.405,-1261.477,OK,-123.610,-257.739,-1304.003
3,Port 0x01: JJH Probe  s/n:3E4C880C,1128318511,1786030908.518723313,1,Too Few Markers,-3.697314E28,-3.697314E28,-3.697314E28,-3.697314E28,-3.697314E28,-3.697314E28,-3.697314E28,0.0000000,3,Missing,-3.697314E28,-3.697314E28,-3.697314E28,Missing,-3.697314E28,-3.697314E28,-3.697314E28,Missing,-3.697314E28,-3.697314E28,-3.697314E28,Port 0x02: JJH T tibia tracker  s/n:3E4C8800,1128318511,1786030908.518723313,1,OK,0.5108370,0.2235427,-0.1217065,-0.8211344,58.752,80.400,-1366.462,0.2659477,3,OK,58.649,80.207,-1366.526,OK,1.082,151.381,-1396.698,OK,92.925,160.778,-1344.534,Port 0x03: JJH Y femur tracker  s/n:3E4C8801,1128318511,1786030908.518723313,1,OK,0.4143549,0.1135115,0.2581819,0.8653134,-182.353,-185.002,-1305.849,0.4823314,3,OK,-182.633,-184.518,-1305.916,OK,-198.159,-272.402,-1261.473,OK,-123.623,-257.730,-1304.004
3,Port 0x01: JJH Probe  s/n:3E4C880C,1128318514,1786030908.568723313,1,Too Few Markers,-3.697314E28,-3.697314E28,-3.697314E28,-3.697314E28,-3.697314E28,-3.697314E28,-3.697314E28,0.0000000,3,Missing,-3.697314E28,-3.697314E28,-3.697314E28,Missing,-3.697314E28,-3.697314E28,-3.697314E28,Missing,-3.697314E28,-3.697314E28,-3.697314E28,Port 0x02: JJH T tibia tracker  s/n:3E4C8800,1128318514,1786030908.568723313,1,OK,0.5108700,0.2232593,-0.1214543,-0.8212283,58.795,80.398,-1366.464,0.2588716,3,OK,58.692,80.201,-1366.528,OK,1.116,151.386,-1396.638,OK,92.973,160.776,-1344.559,Port 0x03: JJH Y femur tracker  s/n:3E4C8801,1128318514,1786030908.568723313,1,OK,0.4143829,0.1135204,0.2579989,0.8653534,-182.312,-185.002,-1305.845,0.4836673,3,OK,-182.594,-184.522,-1305.909,OK,-198.126,-272.409,-1261.506,OK,-123.589,-257.737,-1304.014
3,Port 0x01: JJH Probe  s/n:3E4C880C,1128318517,1786030908.618723313,1,Too Few Markers,-3.697314E28,-3.697314E28,-3.697314E28,-3.697314E28,-3.697314E28,-3.697314E28,-3.697314E28,0.0000000,3,Missing,-3.697314E28,-3.697314E28,-3.697314E28,Missing,-3.697314E28,-3.697314E28,-3.697314E28,Missing,-3.697314E28,-3.697314E28,-3.697314E28,Port 0x02: JJH T tibia tracker  s/n:3E4C8800,1128318517,1786030908.618723313,1,OK,0.5108371,0.2234343,-0.1218170,-0.8211475,58.776,80.402,-1366.448,0.2642049,3,OK,58.681,80.207,-1366.508,OK,1.104,151.387,-1396.704,OK,92.957,160.778,-1344.547,Port 0x03: JJH Y femur tracker  s/n:3E4C8801,1128318517,1786030908.618723313,1,OK,0.4143766,0.1134899,0.2580976,0.8653310,-182.326,-185.003,-1305.854,0.4834099,3,OK,-182.606,-184.519,-1305.921,OK,-198.138,-272.407,-1261.493,OK,-123.600,-257.733,-1304.010
3,Port 0x01: JJH Probe  s/n:3E4C880C,1128318520,1786030908.668723313,1,Too Few Markers,-3.697314E28,-3.697314E28,-3.697314E28,-3.697314E28,-3.697314E28,-3.697314E28,-3.697314E28,0.0000000,3,Missing,-3.697314E28,-3.697314E28,-3.697314E28,Missing,-3.697314E28,-3.697314E28,-3.697314E28,Missing,-3.697314E28,-3.697314E28,-3.697314E28,Port 0x02: JJH T tibia tracker  s/n:3E4C8800,1128318520,1786030908.668723313,1,OK,0.5108265,0.2233492,-0.1215596,-0.8212154,58.742,80.397,-1366.471,0.2579355,3,OK,58.635,80.202,-1366.537,OK,1.080,151.385,-1396.663,OK,92.918,160.773,-1344.563,Port 0x03: JJH Y femur tracker  s/n:3E4C8801,1128318520,1786030908.668723313,1,OK,0.4144211,0.1134680,0.2579285,0.8653630,-182.346,-184.997,-1305.831,0.4822773,3,OK,-182.628,-184.521,-1305.893,OK,-198.171,-272.403,-1261.502,OK,-123.628,-257.734,-1303.994
3,Port 0x01: JJH Probe  s/n:3E4C880C,1128318523,1786030908.718723313,1,Too Few Markers,-3.697314E28,-3.697314E28,-3.697314E28,-3.697314E28,-3.697314E28,-3.697314E28,-3.697314E28,0.0000000,3,Missing,-3.697314E28,-3.697314E28,-3.697314E28,Missing,-3.697314E28,-3.697314E28,-3.697314E28,Missing,-3.697314E28,-3.697314E28,-3.697314E28,Port 0x02: JJH T tibia tracker  s/n:3E4C8800,1128318523,1786030908.718723313,1,OK,0.5108439,0.2234090,-0.1216090,-0.8211809,58.774,80.403,-1366.471,0.2617103,3,OK,58.668,80.211,-1366.537,OK,1.106,151.384,-1396.680,OK,92.951,160.781,-1344.556,Port 0x03: JJH Y femur tracker  s/n:3E4C8801,1128318523,1786030908.718723313,1,OK,0.4144587,0.1138076,0.2577652,0.8653490,-182.300,-184.984,-1305.794,0.4808301,3,OK,-182.583,-184.510,-1305.854,OK,-198.134,-272.409,-1261.506,OK,-123.598,-257.739,-1304.025
3,Port 0x01: JJH Probe  s/n:3E4C880C,1128318526,1786030908.768723313,1,Too Few Markers,-3.697314E28,-3.697314E28,-3.697314E28,-3.697314E28,-3.697314E28,-3.697314E28,-3.697314E28,0.0000000,3,Missing,-3.697314E28,-3.697314E28,-3.697314E28,Missing,-3.697314E28,-3.697314E28,-3.697314E28,Missing,-3.697314E28,-3.697314E28,-3.697314E28,Port 0x02: JJH T tibia tracker  s/n:3E4C8800,1128318526,1786030908.768723313,1,OK,0.5108743,0.2231332,-0.1216964,-0.8212241,58.778,80.399,-1366.459,0.2508997,3,OK,58.677,80.210,-1366.523,OK,1.113,151.378,-1396.672,OK,92.958,160.777,-1344.600,Port 0x03: JJH Y femur tracker  s/n:3E4C8801,1128318526,1786030908.768723313,1,OK,0.4144183,0.1136222,0.2582279,0.8652548,-182.311,-185.000,-1305.845,0.4825862,3,OK,-182.591,-184.512,-1305.912,OK,-198.128,-272.397,-1261.459,OK,-123.593,-257.740,-1304.010
3,Port 0x01: JJH Probe  s/n:3E4C880C,1128318529,1786030908.818723313,1,Too Few Markers,-3.697314E28,-3.697314E28,-3.697314E28,-3.697314E28,-3.697314E28,-3.697314E28,-3.697314E28,0.0000000,3,Missing,-3.697314E28,-3.697314E28,-3.697314E28,Missing,-3.697314E28,-3.697314E28,-3.697314E28,Missing,-3.697314E28,-3.697314E28,-3.697314E28,Port 0x02: JJH T tibia tracker  s/n:3E4C8800,1128318529,1786030908.818723313,1,OK,0.5108805,0.2231390,-0.1219015,-0.8211882,58.741,80.402,-1366.436,0.2501123,3,OK,58.646,80.210,-1366.495,OK,1.079,151.380,-1396.689,OK,92.918,160.782,-1344.596,Port 0x03: JJH Y femur tracker  s/n:3E4C8801,1128318529,1786030908.818723313,1,OK,0.4144056,0.1138049,0.2579428,0.8653219,-182.343,-184.990,-1305.813,0.4812766,3,OK,-182.627,-184.513,-1305.874,OK,-198.162,-272.404,-1261.493,OK,-123.629,-257.739,-1304.032
3,Port 0x01: JJH Probe  s/n:3E4C880C,1128318532,1786030908.868723313,1,Too Few Markers,-3.697314E28,-3.697314E28,-3.697314E28,-3.697314E28,-3.697314E28,-3.697314E28,-3.697314E28,0.0000000,3,Missing,-3.697314E28,-3.697314E28,-3.697314E28,Missing,-3.697314E28,-3.697314E28,-3.697314E28,Missing,-3.697314E28,-3.697314E28,-3.697314E28,Port 0x02: JJH T tibia tracker  s/n:3E4C8800,1128318532,1786030908.868723313,1,OK,0.5108486,0.2234635,-0.1215187,-0.8211766,58.778,80.402,-1366.478,0.2579882,3,OK,58.667,80.218,-1366.547,OK,1.112,151.380,-1396.669,OK,92.947,160.776,-1344.549,Port 0x03: JJH Y femur tracker  s/n:3E4C8801,1128318532,1786030908.868723313,1,OK,0.4144326,0.1138514,0.2580995,0.8652561,-182.309,-184.992,-1305.807,0.4792339,3,OK,-182.591,-184.516,-1305.869,OK,-198.127,-272.393,-1261.459,OK,-123.603,-257.743,-1304.020
3,Port 0x01: JJH Probe  s/n:3E4C880C,1128318535,1786030908.918723313,1,Too Few Markers,-3.697314E28,-3.697314E28,-3.697314E28,-3.697314E28,-3.697314E28,-3.697314E28,-3.697314E28,0.0000000,3,Missing,-3.697314E28,-3.697314E28,-3.697314E28,Missing,-3.697314E28,-3.697314E28,-3.697314E28,Missing,-3.697314E28,-3.697314E28,-3.697314E28,Port 0x02: JJH T tibia tracker  s/n:3E4C8800,1128318535,1786030908.918723313,1,OK,0.5109252,0.2233508,-0.1212069,-0.8212057,58.798,80.402,-1366.546,0.2556664,3,OK,58.682,80.217,-1366.617,OK,1.111,151.376,-1396.673,OK,92.955,160.779,-1344.608,Port 0x03: JJH Y femur tracker  s/n:3E4C8801,1128318535,1786030908.918723313,1,OK,0.4144410,0.1136368,0.2579872,0.8653138,-182.305,-184.994,-1305.814,0.4818113,3,OK,-182.586,-184.515,-1305.878,OK,-198.131,-272.403,-1261.478,OK,-123.595,-257.739,-1304.000
3,Port 0x01: JJH Probe  s/n:3E4C880C,1128318538,1786030908.968723313,1,Too Few Markers,-3.697314E28,-3.697314E28,-3.697314E28,-3.697314E28,-3.697314E28,-3.697314E28,-3.697314E28,0.0000000,3,Missing,-3.697314E28,-3.697314E28,-3.697314E28,Missing,-3.697314E28,-3.697314E28,-3.697314E28,Missing,-3.697314E28,-3.697314E28,-3.697314E28,Port 0x02: JJH T tibia tracker  s/n:3E4C8800,1128318538,1786030908.968723313,1,OK,0.5108777,0.2235076,-0.1214743,-0.8211530,58.746,80.405,-1366.503,0.2627336,3,OK,58.635,80.218,-1366.572,OK,1.069,151.381,-1396.691,OK,92.911,160.785,-1344.562,Port 0x03: JJH Y femur tracker  s/n:3E4C8801,1128318538,1786030908.968723313,1,OK,0.4143788,0.1135963,0.2581780,0.8652920,-182.353,-185.000,-1305.834,0.4849814,3,OK,-182.633,-184.512,-1305.902,OK,-198.160,-272.403,-1261.461,OK,-123.633,-257.735,-1304.000
3,Port 0x01: JJH Probe  s/n:3E4C880C,1128318541,1786030909.018723313,1,Too Few Markers,-3.697314E28,-3.697314E28,-3.697314E28,-3.697314E28,-3.697314E28,-3.697314E28,-3.697314E28,0.0000000,3,Missing,-3.697314E28,-3.697314E28,-3.697314E28,Missing,-3.697314E28,-3.697314E28,-3.697314E28,Missing,-3.697314E28,-3.697314E28,-3.697314E28,Port 0x02: JJH T tibia tracker  s/n:3E4C8800,1128318541,1786030909.018723313,1,OK,0.5108208,0.2234064,-0.1219968,-0.8211385,58.765,80.401,-1366.430,0.2652945,3,OK,58.672,80.203,-1366.489,OK,1.102,151.385,-1396.719,OK,92.952,160.781,-1344.549,Port 0x03: JJH Y femur tracker  s/n:3E4C8801,1128318541,1786030909.018723313,1,OK,0.4144050,0.1136915,0.2580877,0.8652939,-182.312,-184.994,-1305.815,0.4845466,3,OK,-182.595,-184.508,-1305.880,OK,-198.127,-272.400,-1261.462,OK,-123.595,-257.739,-1304.003
3,Port 0x01: JJH Probe  s/n:3E4C880C,1128318544,1786030909.068723313,1,Too Few Markers,-3.697314E28,-3.697314E28,-3.697314E28,-3.697314E28,-3.697314E28,-3.697314E28,-3.697314E28,0.0000000,3,Missing,-3.697314E28,-3.697314E28,-3.697314E28,Missing,-3.697314E28,-3.697314E28,-3.697314E28,Missing,-3.697314E28,-3.697314E28,-3.697314E28,Port 0x02: JJH T tibia tracker  s/n:3E4C8800,1128318544,1786030909.068723313,1,OK,0.5109552,0.2233101,-0.1215477,-0.8211477,58.779,80.403,-1366.511,0.2576591,3,OK,58.669,80.217,-1366.579,OK,1.096,151.366,-1396.706,OK,92.939,160.790,-1344.611,Port 0x03: JJH Y femur tracker  s/n:3E4C8801,1128318544,1786030909.068723313,1,OK,0.4143696,0.1135134,0.2581313,0.8653212,-182.326,-185.006,-1305.846,0.4827437,3,OK,-182.607,-184.525,-1305.911,OK,-198.134,-272.403,-1261.482,OK,-123.600,-257.737,-1304.004
3,Port 0x01: JJH Probe  s/n:3E4C880C,1128318547,1786030909.118723313,1,Too Few Markers,-3.697314E28,-3.697314E28,-3.697314E28,-3.697314E28,-3.697314E28,-3.697314E28,-3.697314E28,0.0000000,3,Missing,-3.697314E28,-3.697314E28,-3.697314E28,Missing,-3.697314E28,-3.697314E28,-3.697314E28,Missing,-3.697314E28,-3.697314E28,-3.697314E28,Port 0x02: JJH T tibia tracker  s/n:3E4C8800,1128318547,1786030909.118723313,1,OK,0.5108661,0.2233805,-0.1225630,-0.8210331,58.711,80.411,-1366.440,0.2633246,3,OK,58.624,80.213,-1366.495,OK,1.068,151.374,-1396.835,OK,92.889,160.806,-1344.622,Port 0x03: JJH Y femur tracker  s/n:3E4C8801,1128318547,1786030909.118723313,1,OK,0.4144164,0.1136440,0.2579264,0.8653427,-182.350,-184.994,-1305.815,0.4829730,3,OK,-182.634,-184.518,-1305.876,OK,-198.170,-272.402,-1261.495,OK,-123.636,-257.738,-1304.007
3,Port 0x01: JJH Probe  s/n:3E4C880C,1128318550,1786030909.168723313,1,Too Few Markers,-3.697314E28,-3.697314E28,-3.697314E28,-3.697314E28,-3.697314E28,-3.697314E28,-3.697314E28,0.0000000,3,Missing,-3.697314E28,-3.697314E28,-3.697314E28,Missing,-3.697314E28,-3.697314E28,-3.697314E28,Missing,-3.697314E28,-3.697314E28,-3.697314E28,Port 0x02: JJH T tibia tracker  s/n:3E4C8800,1128318550,1786030909.168723313,1,OK,0.5108698,0.2231356,-0.1225114,-0.8211050,58.756,80.410,-1366.422,0.2515811,3,OK,58.662,80.221,-1366.481,OK,1.125,151.367,-1396.788,OK,92.939,160.804,-1344.640,Port 0x03: JJH Y femur tracker  s/n:3E4C8801,1128318550,1786030909.168723313,1,OK,0.4143855,0.1135713,0.2579205,0.8653688,-182.301,-184.998,-1305.826,0.4832164,3,OK,-182.584,-184.518,-1305.889,OK,-198.120,-272.413,-1261.501,OK,-123.578,-257.736,-1304.010
3,Port 0x01: JJH Probe  s/n:3E4C880C,1128318553,1786030909.218723313,1,Too Few Markers,-3.697314E28,-3.697314E28,-3.697314E28,-3.697314E28,-3.697314E28,-3.697314E28,-3.697314E28,0.0000000,3,Missing,-3.697314E28,-3.697314E28,-3.697314E28,Missing,-3.697314E28,-3.697314E28,-3.697314E28,Missing,-3.697314E28,-3.697314E28,-3.697314E28,Port 0x02: JJH T tibia tracker  s/n:3E4C8800,1128318553,1786030909.218723313,1,OK,0.5108996,0.2231994,-0.1224977,-0.8210712,58.735,80.413,-1366.459,0.2557237,3,OK,58.645,80.216,-1366.516,OK,1.093,151.372,-1396.830,OK,92.911,160.810,-1344.667,Port 0x03: JJH Y femur tracker  s/n:3E4C8801,1128318553,1786030909.218723313,1,OK,0.4144058,0.1134761,0.2581804,0.8652941,-182.331,-185.004,-1305.846,0.4838642,3,OK,-182.611,-184.520,-1305.912,OK,-198.145,-272.398,-1261.469,OK,-123.610,-257.738,-1303.990
3,Port 0x01: JJH Probe  s/n:3E4C880C,1128318556,1786030909.268723313,1,Too Few Markers,-3.697314E28,-3.697314E28,-3.697314E28,-3.697314E28,-3.697314E28,-3.697314E28,-3.697314E28,0.0000000,3,Missing,-3.697314E28,-3.697314E28,-3.697314E28,Missing,-3.697314E28,-3.697314E28,-3.697314E28,Missing,-3.697314E28,-3.697314E28,-3.697314E28,Port 0x02: JJH T tibia tracker  s/n:3E4C8800,1128318556,1786030909.268723313,1,OK,0.5108832,0.2230391,-0.1226065,-0.8211088,58.711,80.419,-1366.448,0.2506983,3,OK,58.623,80.221,-1366.503,OK,1.080,151.380,-1396.828,OK,92.894,160.816,-1344.692,Port 0x03: JJH Y femur tracker  s/n:3E4C8801,1128318556,1786030909.268723313,1,OK,0.4144175,0.1136414,0.2580125,0.8653169,-182.344,-184.997,-1305.844,0.4828726,3,OK,-182.625,-184.515,-1305.908,OK,-198.164,-272.405,-1261.503,OK,-123.628,-257.740,-1304.029
3,Port 0x01: JJH Probe  s/n:3E4C880C,1128318559,1786030909.318723313,1,Too Few Markers,-3.697314E28,-3.697314E28,-3.697314E28,-3.697314E28,-3.697314E28,-3.697314E28,-3.697314E28,0.0000000,3,Missing,-3.697314E28,-3.697314E28,-3.697314E28,Missing,-3.697314E28,-3.697314E28,-3.697314E28,Missing,-3.697314E28,-3.697314E28,-3.697314E28,Port 0x02: JJH T tibia tracker  s/n:3E4C8800,1128318559,1786030909.318723313,1,OK,0.5108971,0.2233810,-0.1223244,-0.8210492,58.781,80.412,-1366.488,0.2602022,3,OK,58.680,80.225,-1366.551,OK,1.135,151.364,-1396.833,OK,92.952,160.807,-1344.648,Port 0x03: JJH Y femur tracker  s/n:3E4C8801,1128318559,1786030909.318723313,1,OK,0.4144332,0.1137198,0.2578046,0.8653610,-182.288,-184.989,-1305.790,0.4816724,3,OK,-182.574,-184.513,-1305.850,OK,-198.119,-272.407,-1261.493,OK,-123.574,-257.739,-1304.006
3,Port 0x01: JJH Probe  s/n:3E4C880C,1128318562,1786030909.368723313,1,Too Few Markers,-3.697314E28,-3.697314E28,-3.697314E28,-3.697314E28,-3.697314E28,-3.697314E28,-3.697314E28,0.0000000,3,Missing,-3.697314E28,-3.697314E28,-3.697314E28,Missing,-3.697314E28,-3.697314E28,-3.697314E28,Missing,-3.697314E28,-3.697314E28,-3.697314E28,Port 0x02: JJH T tibia tracker  s/n:3E4C8800,1128318562,1786030909.368723313,1,OK,0.5109129,0.2230271,-0.1225829,-0.8210970,58.727,80.423,-1366.459,0.2471065,3,OK,58.641,80.229,-1366.513,OK,1.091,151.380,-1396.836,OK,92.904,160.818,-1344.705,Port 0x03: JJH Y femur tracker  s/n:3E4C8801,1128318562,1786030909.368723313,1,OK,0.4143850,0.1135829,0.2580170,0.8653388,-182.343,-185.001,-1305.847,0.4818530,3,OK,-182.623,-184.522,-1305.911,OK,-198.157,-272.409,-1261.505,OK,-123.623,-257.736,-1304.024
3,Port 0x01: JJH Probe  s/n:3E4C880C,1128318565,1786030909.418723312,1,Too Few Markers,-3.697314E28,-3.697314E28,-3.697314E28,-3.697314E28,-3.697314E28,-3.697314E28,-3.697314E28,0.0000000,3,Missing,-3.697314E28,-3.697314E28,-3.697314E28,Missing,-3.697314E28,-3.697314E28,-3.697314E28,Missing,-3.697314E28,-3.697314E28,-3.697314E28,Port 0x02: JJH T tibia tracker  s/n:3E4C8800,1128318565,1786030909.418723312,1,OK,0.5109622,0.2233472,-0.1221764,-0.8210399,58.750,80.416,-1366.506,0.2605363,3,OK,58.647,80.222,-1366.570,OK,1.090,151.365,-1396.822,OK,92.907,160.819,-1344.661,Port 0x03: JJH Y femur tracker  s/n:3E4C8801,1128318565,1786030909.418723312,1,OK,0.4143990,0.1135920,0.2579011,0.8653655,-182.336,-184.992,-1305.812,0.4802510,3,OK,-182.616,-184.517,-1305.874,OK,-198.156,-272.406,-1261.492,OK,-123.619,-257.728,-1303.999
3,Port 0x01: JJH Probe  s/n:3E4C880C,1128318568,1786030909.468723312,1,Too Few Markers,-3.697314E28,-3.697314E28,-3.697314E28,-3.697314E28,-3.697314E28,-3.697314E28,-3.697314E28,0.0000000,3,Missing,-3.697314E28,-3.697314E28,-3.697314E28,Missing,-3.697314E28,-3.697314E28,-3.697314E28,Missing,-3.697314E28,-3.697314E28,-3.697314E28,Port 0x02: JJH T tibia tracker  s/n:3E4C8800,1128318568,1786030909.468723312,1,OK,0.5108948,0.2233388,-0.1223928,-0.8210520,58.775,80.413,-1366.510,0.2551154,3,OK,58.680,80.218,-1366.569,OK,1.136,151.372,-1396.862,OK,92.939,160.809,-1344.688,Port 0x03: JJH Y femur tracker  s/n:3E4C8801,1128318568,1786030909.468723312,1,OK,0.4144446,0.1137599,0.2579093,0.8653191,-182.290,-184.997,-1305.828,0.4810464,3,OK,-182.572,-184.519,-1305.890,OK,-198.118,-272.412,-1261.511,OK,-123.582,-257.747,-1304.041
3,Port 0x01: JJH Probe  s/n:3E4C880C,1128318571,1786030909.518723312,1,Too Few Markers,-3.697314E28,-3.697314E28,-3.697314E28,-3.697314E28,-3.697314E28,-3.697314E28,-3.697314E28,0.0000000,3,Missing,-3.697314E28,-3.697314E28,-3.697314E28,Missing,-3.697314E28,-3.697314E28,-3.697314E28,Missing,-3.697314E28,-3.697314E28,-3.697314E28,Port 0x02: JJH T tibia tracker  s/n:3E4C8800,1128318571,1786030909.518723312,1,OK,0.5108939,0.2231091,-0.1223324,-0.8211239,58.732,80.416,-1366.481,0.2495275,3,OK,58.635,80.222,-1366.542,OK,1.096,151.376,-1396.809,OK,92.906,160.811,-1344.690,Port 0x03: JJH Y femur tracker  s/n:3E4C8801,1128318571,1786030909.518723312,1,OK,0.4143817,0.1137242,0.2579392,0.8653450,-182.334,-184.989,-1305.797,0.4834469,3,OK,-182.619,-184.509,-1305.859,OK,-198.149,-272.403,-1261.476,OK,-123.612,-257.734,-1304.005
3,Port 0x01: JJH Probe  s/n:3E4C880C,1128318574,1786030909.568723312,1,Too Few Markers,-3.697314E28,-3.697314E28,-3.697314E28,-3.697314E28,-3.697314E28,-3.697314E28,-3.697314E28,0.0000000,3,Missing,-3.697314E28,-3.697314E28,-3.697314E28,Missing,-3.697314E28,-3.697314E28,-3.697314E28,Missing,-3.697314E28,-3.697314E28,-3.697314E28,Port 0x02: JJH T tibia tracker  s/n:3E4C8800,1128318574,1786030909.568723312,1,OK,0.5109671,0.2231633,-0.1222364,-0.8210780,58.735,80.415,-1366.501,0.2512821,3,OK,58.638,80.220,-1366.562,OK,1.081,151.368,-1396.818,OK,92.894,160.815,-1344.695,Port 0x03: JJH Y femur tracker  s/n:3E4C8801,1128318574,1786030909.568723312,1,OK,0.4144101,0.1135689,0.2579820,0.8653390,-182.349,-185.003,-1305.839,0.4852314,3,OK,-182.632,-184.519,-1305.903,OK,-198.170,-272.413,-1261.501,OK,-123.630,-257.744,-1304.015
3,Port 0x01: JJH Probe  s/n:3E4C880C,1128318577,1786030909.618723312,1,Too Few Markers,-3.697314E28,-3.697314E28,-3.697314E28,-3.697314E28,-3.697314E28,-3.697314E28,-3.697314E28,0.0000000,3,Missing,-3.697314E28,-3.697314E28,-3.697314E28,Missing,-3.697314E28,-3.697314E28,-3.697314E28,Missing,-3.697314E28,-3.697314E28,-3.697314E28,Port 0x02: JJH T tibia tracker  s/n:3E4C8800,1128318577,1786030909.618723312,1,OK,0.5108967,0.2232280,-0.1222852,-0.8210969,58.768,80.418,-1366.498,0.2524135,3,OK,58.670,80.230,-1366.559,OK,1.125,151.376,-1396.826,OK,92.940,160.810,-1344.682,Port 0x03: JJH Y femur tracker  s/n:3E4C8801,1128318577,1786030909.618723312,1,OK,0.4143954,0.1134706,0.2579458,0.8653698,-182.306,-185.001,-1305.855,0.4845004,3,OK,-182.589,-184.521,-1305.918,OK,-198.124,-272.409,-1261.524,OK,-123.584,-257.736,-1304.018
3,Port 0x01: JJH Probe  s/n:3E4C880C,1128318580,1786030909.668723312,1,Too Few Markers,-3.697314E28,-3.697314E28,-3.697314E28,-3.697314E28,-3.697314E28,-3.697314E28,-3.697314E28,0.0000000,3,Missing,-3.697314E28,-3.697314E28,-3.697314E28,Missing,-3.697314E28,-3.697314E28,-3.697314E28,Missing,-3.697314E28,-3.697314E28,-3.697314E28,Port 0x02: JJH T tibia tracker  s/n:3E4C8800,1128318580,1786030909.668723312,1,OK,0.5109702,0.2232896,-0.1219765,-0.8210804,58.764,80.419,-1366.514,0.2526666,3,OK,58.659,80.226,-1366.579,OK,1.106,151.372,-1396.784,OK,92.913,160.817,-1344.665,Port 0x03: JJH Y femur tracker  s/n:3E4C8801,1128318580,1786030909.668723312,1,OK,0.4144111,0.1135453,0.2579241,0.8653589,-182.322,-185.000,-1305.821,0.4826958,3,OK,-182.604,-184.523,-1305.883,OK,-198.143,-272.409,-1261.496,OK,-123.605,-257.738,-1303.997
3,Port 0x01: JJH Probe  s/n:3E4C880C,1128318583,1786030909.718723312,1,Too Few Markers,-3.697314E28,-3.697314E28,-3.697314E28,-3.697314E28,-3.697314E28,-3.697314E28,-3.697314E28,0.0000000,3,Missing,-3.697314E28,-3.697314E28,-3.697314E28,Missing,-3.697314E28,-3.697314E28,-3.697314E28,Missing,-3.697314E28,-3.697314E28,-3.697314E28,Port 0x02: JJH T tibia tracker  s/n:3E4C8800,1128318583,1786030909.718723312,1,OK,0.5108690,0.2231983,-0.1223904,-0.8211066,58.723,80.414,-1366.474,0.2525026,3,OK,58.623,80.222,-1366.536,OK,1.094,151.372,-1396.816,OK,92.900,160.809,-1344.672,Port 0x03: JJH Y femur tracker  s/n:3E4C8801,1128318583,1786030909.718723312,1,OK,0.4143792,0.1136630,0.2579400,0.8653540,-182.345,-184.995,-1305.810,0.4834438,3,OK,-182.629,-184.515,-1305.871,OK,-198.159,-272.407,-1261.486,OK,-123.622,-257.736,-1304.007
3,Port 0x01: JJH Probe  s/n:3E4C880C,1128318586,1786030909.768723312,1,Too Few Markers,-3.697314E28,-3.697314E28,-3.697314E28,-3.697314E28,-3.697314E28,-3.697314E28,-3.697314E28,0.0000000,3,Missing,-3.697314E28,-3.697314E28,-3.697314E28,Missing,-3.697314E28,-3.697314E28,-3.697314E28,Missing,-3.697314E28,-3.697314E28,-3.697314E28,Port 0x02: JJH T tibia tracker  s/n:3E4C8800,1128318586,1786030909.768723312,1,OK,0.5108711,0.2233296,-0.1224442,-0.8210616,58.756,80.416,-1366.500,0.2547789,3,OK,58.658,80.228,-1366.561,OK,1.123,151.371,-1396.861,OK,92.929,160.809,-1344.682,Port 0x03: JJH Y femur tracker  s/n:3E4C8801,1128318586,1786030909.768723312,1,OK,0.4144172,0.1137044,0.2579132,0.8653384,-182.310,-184.989,-1305.811,0.4815418,3,OK,-182.591,-184.509,-1305.875,OK,-198.134,-272.407,-1261.491,OK,-123.596,-257.734,-1304.016
3,Port 0x01: JJH Probe  s/n:3E4C880C,1128318589,1786030909.818723312,1,Too Few Markers,-3.697314E28,-3.697314E28,-3.697314E28,-3.697314E28,-3.697314E28,-3.697314E28,-3.697314E28,0.0000000,3,Missing,-3.697314E28,-3.697314E28,-3.697314E28,Missing,-3.697314E28,-3.697314E28,-3.697314E28,Missing,-3.697314E28,-3.697314E28,-3.697314E28,Port 0x02: JJH T tibia tracker  s/n:3E4C8800,1128318589,1786030909.818723312,1,OK,0.5108858,0.2233957,-0.1222327,-0.8210659,58.760,80.416,-1366.497,0.2560981,3,OK,58.660,80.221,-1366.560,OK,1.120,151.377,-1396.819,OK,92.921,160.811,-1344.652,Port 0x03: JJH Y femur tracker  s/n:3E4C8801,1128318589,1786030909.818723312,1,OK,0.4143620,0.1137020,0.2580476,0.8653251,-182.313,-184.999,-1305.820,0.4813355,3,OK,-182.597,-184.520,-1305.882,OK,-198.122,-272.405,-1261.478,OK,-123.588,-257.738,-1304.017
3,Port 0x01: JJH Probe  s/n:3E4C880C,1128318592,1786030909.868723312,1,Too Few Markers,-3.697314E28,-3.697314E28,-3.697314E28,-3.697314E28,-3.697314E28,-3.697314E28,-3.697314E28,0.0000000,3,Missing,-3.697314E28,-3.697314E28,-3.697314E28,Missing,-3.697314E28,-3.697314E28,-3.697314E28,Missing,-3.697314E28,-3.697314E28,-3.697314E28,Port 0x02: JJH T tibia tracker  s/n:3E4C8800,1128318592,1786030909.868723312,1,OK,0.5109413,0.2236039,-0.1218514,-0.8210314,58.739,80.416,-1366.584,0.2655189,3,OK,58.627,80.221,-1366.653,OK,1.074,151.372,-1396.846,OK,92.883,160.815,-1344.669,Port 0x03: JJH Y femur tracker  s/n:3E4C8801,1128318592,1786030909.868723312,1,OK,0.4144154,0.1135396,0.2580568,0.8653180,-182.352,-184.999,-1305.819,0.4821715,3,OK,-182.632,-184.518,-1305.884,OK,-198.172,-272.403,-1261.466,OK,-123.633,-257.737,-1303.984
3,Port 0x01: JJH Probe  s/n:3E4C880C,1128318595,1786030909.918723312,1,Too Few Markers,-3.697314E28,-3.697314E28,-3.697314E28,-3.697314E28,-3.697314E28,-3.697314E28,-3.697314E28,0.0000000,3,Missing,-3.697314E28,-3.697314E28,-3.697314E28,Missing,-3.697314E28,-3.697314E28,-3.697314E28,Missing,-3.697314E28,-3.697314E28,-3.697314E28,Port 0x02: JJH T tibia tracker  s/n:3E4C8800,1128318595,1786030909.918723312,1,OK,0.5109487,0.2231295,-0.1222152,-0.8211017,58.754,80.421,-1366.504,0.2538234,3,OK,58.652,80.227,-1366.568,OK,1.106,151.372,-1396.814,OK,92.922,160.823,-1344.698,Port 0x03: JJH Y femur tracker  s/n:3E4C8801,1128318595,1786030909.918723312,1,OK,0.4144264,0.1136895,0.2579908,0.8653128,-182.314,-184.995,-1305.822,0.4809323,3,OK,-182.596,-184.516,-1305.885,OK,-198.139,-272.405,-1261.486,OK,-123.600,-257.740,-1304.018
3,Port 0x01: JJH Probe  s/n:3E4C880C,1128318598,1786030909.968723312,1,Too Few Markers,-3.697314E28,-3.697314E28,-3.697314E28,-3.697314E28,-3.697314E28,-3.697314E28,-3.697314E28,0.0000000,3,Missing,-3.697314E28,-3.697314E28,-3.697314E28,Missing,-3.697314E28,-3.697314E28,-3.697314E28,Missing,-3.697314E28,-3.697314E28,-3.697314E28,Port 0x02: JJH T tibia tracker  s/n:3E4C8800,1128318598,1786030909.968723312,1,OK,0.5109630,0.2232202,-0.1220626,-0.8210909,58.778,80.420,-1366.541,0.2558239,3,OK,58.675,80.224,-1366.606,OK,1.119,151.374,-1396.828,OK,92.938,160.820,-1344.708,Port 0x03: JJH Y femur tracker  s/n:3E4C8801,1128318598,1786030909.968723312,1,OK,0.4143860,0.1132080,0.2581380,0.8653514,-182.305,-185.006,-1305.861,0.4910478,3,OK,-182.585,-184.514,-1305.931,OK,-198.116,-272.405,-1261.483,OK,-123.577,-257.731,-1303.963
3,Port 0x01: JJH Probe  s/n:3E4C880C,1128318601,1786030910.018723312,1,Too Few Markers,-3.697314E28,-3.697314E28,-3.697314E28,-3.697314E28,-3.697314E28,-3.697314E28,-3.697314E28,0.0000000,3,Missing,-3.697314E28,-3.697314E28,-3.697314E28,Missing,-3.697314E28,-3.697314E28,-3.697314E28,Missing,-3.697314E28,-3.697314E28,-3.697314E28,Port 0x02: JJH T tibia tracker  s/n:3E4C8800,1128318601,1786030910.018723312,1,OK,0.5108763,0.2233172,-0.1224644,-0.8210586,58.705,80.420,-1366.507,0.2640676,3,OK,58.606,80.219,-1366.569,OK,1.068,151.376,-1396.874,OK,92.883,160.824,-1344.689,Port 0x03: JJH Y femur tracker  s/n:3E4C8801,1128318601,1786030910.018723312,1,OK,0.4144118,0.1135444,0.2578856,0.8653702,-182.347,-184.992,-1305.808,0.4888090,3,OK,-182.631,-184.507,-1305.873,OK,-198.167,-272.409,-1261.490,OK,-123.631,-257.736,-1303.985
3,Port 0x01: JJH Probe  s/n:3E4C880C,1128318604,1786030910.068723312,1,Too Few Markers,-3.697314E28,-3.697314E28,-3.697314E28,-3.697314E28,-3.697314E28,-3.697314E28,-3.697314E28,0.0000000,3,Missing,-3.697314E28,-3.697314E28,-3.697314E28,Missing,-3.697314E28,-3.697314E28,-3.697314E28,Missing,-3.697314E28,-3.697314E28,-3.697314E28,Port 0x02: JJH T tibia tracker  s/n:3E4C8800,1128318604,1786030910.068723312,1,OK,0.5109495,0.2233369,-0.1221044,-0.8210614,58.754,80.421,-1366.543,0.2581758,3,OK,58.652,80.224,-1366.607,OK,1.097,151.377,-1396.842,OK,92.909,160.822,-1344.696,Port 0x03: JJH Y femur tracker  s/n:3E4C8801,1128318604,1786030910.068723312,1,OK,0.4144038,0.1137275,0.2580774,0.8652928,-182.320,-184.996,-1305.830,0.4813778,3,OK,-182.603,-184.519,-1305.891,OK,-198.134,-272.398,-1261.483,OK,-123.606,-257.741,-1304.024
3,Port 0x01: JJH Probe  s/n:3E4C880C,1128318607,1786030910.118723312,1,Too Few Markers,-3.697314E28,-3.697314E28,-3.697314E28,-3.697314E28,-3.697314E28,-3.697314E28,-3.697314E28,0.0000000,3,Missing,-3.697314E28,-3.697314E28,-3.697314E28,Missing,-3.697314E28,-3.697314E28,-3.697314E28,Missing,-3.697314E28,-3.697314E28,-3.697314E28,Port 0x02: JJH T tibia tracker  s/n:3E4C8800,1128318607,1786030910.118723312,1,OK,0.5109584,0.2233797,-0.1222089,-0.8210286,58.782,80.423,-1366.518,0.2545214,3,OK,58.685,80.231,-1366.579,OK,1.128,151.376,-1396.839,OK,92.931,160.821,-1344.676,Port 0x03: JJH Y femur tracker  s/n:3E4C8801,1128318607,1786030910.118723312,1,OK,0.4143902,0.1135223,0.2579941,0.8653511,-182.307,-185.001,-1305.863,0.4824979,3,OK,-182.586,-184.518,-1305.929,OK,-198.126,-272.413,-1261.520,OK,-123.584,-257.734,-1304.032
3,Port 0x01: JJH Probe  s/n:3E4C880C,1128318610,1786030910.168723312,1,Too Few Markers,-3.697314E28,-3.697314E28,-3.697314E28,-3.697314E28,-3.697314E28,-3.697314E28,-3.697314E28,0.0000000,3,Missing,-3.697314E28,-3.697314E28,-3.697314E28,Missing,-3.697314E28,-3.697314E28,-3.697314E28,Missing,-3.697314E28,-3.697314E28,-3.697314E28,Port 0x02: JJH T tibia tracker  s/n:3E4C8800,1128318610,1786030910.168723312,1,OK,0.5109087,0.2233810,-0.1221493,-0.8210681,58.726,80.422,-1366.532,0.2590424,3,OK,58.621,80.227,-1366.597,OK,1.080,151.379,-1396.838,OK,92.886,160.822,-1344.680,Port 0x03: JJH Y femur tracker  s/n:3E4C8801,1128318610,1786030910.168723312,1,OK,0.4144106,0.1136647,0.2579327,0.8653410,-182.339,-184.989,-1305.797,0.4854833,3,OK,-182.624,-184.508,-1305.859,OK,-198.158,-272.401,-1261.475,OK,-123.622,-257.736,-1303.992
3,Port 0x01: JJH Probe  s/n:3E4C880C,1128318613,1786030910.218723312,1,Too Few Markers,-3.697314E28,-3.697314E28,-3.697314E28,-3.697314E28,-3.697314E28,-3.697314E28,-3.697314E28,0.0000000,3,Missing,-3.697314E28,-3.697314E28,-3.697314E28,Missing,-3.697314E28,-3.697314E28,-3.697314E28,Missing,-3.697314E28,-3.697314E28,-3.697314E28,Port 0x02: JJH T tibia tracker  s/n:3E4C8800,1128318613,1786030910.218723312,1,OK,0.5108963,0.2232201,-0.1225593,-0.8210585,58.734,80.427,-1366.484,0.2517293,3,OK,58.648,80.227,-1366.539,OK,1.098,151.389,-1396.865,OK,92.902,160.823,-1344.698,Port 0x03: JJH Y femur tracker  s/n:3E4C8801,1128318613,1786030910.218723312,1,OK,0.4144185,0.1137274,0.2578469,0.8653545,-182.320,-184.990,-1305.803,0.4858829,3,OK,-182.605,-184.508,-1305.866,OK,-198.142,-272.412,-1261.498,OK,-123.608,-257.741,-1304.015
3,Port 0x01: JJH Probe  s/n:3E4C880C,1128318616,1786030910.268723312,1,Too Few Markers,-3.697314E28,-3.697314E28,-3.697314E28,-3.697314E28,-3.697314E28,-3.697314E28,-3.697314E28,0.0000000,3,Missing,-3.697314E28,-3.697314E28,-3.697314E28,Missing,-3.697314E28,-3.697314E28,-3.697314E28,Missing,-3.697314E28,-3.697314E28,-3.697314E28,Port 0x02: JJH T tibia tracker  s/n:3E4C8800,1128318616,1786030910.268723312,1,OK,0.5109713,0.2232895,-0.1219870,-0.8210781,58.754,80.424,-1366.554,0.2570448,3,OK,58.647,80.231,-1366.620,OK,1.091,151.376,-1396.828,OK,92.908,160.825,-1344.703,Port 0x03: JJH Y femur tracker  s/n:3E4C8801,1128318616,1786030910.268723312,1,OK,0.4144408,0.1138786,0.2576039,0.8653963,-182.311,-184.975,-1305.771,0.4836842,3,OK,-182.600,-184.498,-1305.829,OK,-198.148,-272.412,-1261.515,OK,-123.602,-257.736,-1304.029
3,Port 0x01: JJH Probe  s/n:3E4C880C,1128318619,1786030910.318723312,1,Too Few Markers,-3.697314E28,-3.697314E28,-3.697314E28,-3.697314E28,-3.697314E28,-3.697314E28,-3.697314E28,0.0000000,3,Missing,-3.697314E28,-3.697314E28,-3.697314E28,Missing,-3.697314E28,-3.697314E28,-3.697314E28,Missing,-3.697314E28,-3.697314E28,-3.697314E28,Port 0x02: JJH T tibia tracker  s/n:3E4C8800,1128318619,1786030910.318723312,1,OK,0.5109661,0.2231473,-0.1221824,-0.8210910,58.746,80.420,-1366.483,0.2468258,3,OK,58.648,80.230,-1366.544,OK,1.094,151.373,-1396.786,OK,92.902,160.816,-1344.676,Port 0x03: JJH Y femur tracker  s/n:3E4C8801,1128318619,1786030910.318723312,1,OK,0.4144000,0.1135622,0.2582257,0.8652721,-182.328,-185.005,-1305.854,0.4801779,3,OK,-182.607,-184.524,-1305.919,OK,-198.142,-272.398,-1261.470,OK,-123.606,-257.739,-1304.011
3,Port 0x01: JJH Probe  s/n:3E4C880C,1128318622,1786030910.368723312,1,Too Few Markers,-3.697314E28,-3.697314E28,-3.697314E28,-3.697314E28,-3.697314E28,-3.697314E28,-3.697314E28,0.0000000,3,Missing,-3.697314E28,-3.697314E28,-3.697314E28,Missing,-3.697314E28,-3.697314E28,-3.697314E28,Missing,-3.697314E28,-3.697314E28,-3.697314E28,Port 0x02: JJH T tibia tracker  s/n:3E4C8800,1128318622,1786030910.368723312,1,OK,0.5108771,0.2235811,-0.1219271,-0.8210663,58.743,80.418,-1366.414,0.2625442,3,OK,58.642,80.221,-1366.478,OK,1.085,151.390,-1396.690,OK,92.899,160.807,-1344.508,Port 0x03: JJH Y femur tracker  s/n:3E4C8801,1128318622,1786030910.368723312,1,OK,0.4143845,0.1137931,0.2579822,0.8653218,-182.321,-185.000,-1305.840,0.4786554,3,OK,-182.603,-184.523,-1305.902,OK,-198.137,-272.413,-1261.511,OK,-123.603,-257.742,-1304.057
3,Port 0x01: JJH Probe  s/n:3E4C880C,1128318625,1786030910.418723313,1,Too Few Markers,-3.697314E28,-3.697314E28,-3.697314E28,-3.697314E28,-3.697314E28,-3.697314E28,-3.697314E28,0.0000000,3,Missing,-3.697314E28,-3.697314E28,-3.697314E28,Missing,-3.697314E28,-3.697314E28,-3.697314E28,Missing,-3.697314E28,-3.697314E28,-3.697314E28,Port 0x02: JJH T tibia tracker  s/n:3E4C8800,1128318625,1786030910.418723313,1,OK,0.5107527,0.2237684,-0.1214611,-0.8211617,58.706,80.410,-1366.212,0.2524391,3,OK,58.609,80.224,-1366.273,OK,1.050,151.416,-1396.402,OK,92.863,160.764,-1344.234,Port 0x03: JJH Y femur tracker  s/n:3E4C8801,1128318625,1786030910.418723313,1,OK,0.4144064,0.1136333,0.2578479,0.8653724,-182.342,-184.989,-1305.816,0.4829530,3,OK,-182.626,-184.513,-1305.876,OK,-198.164,-272.405,-1261.509,OK,-123.625,-257.732,-1304.013
3,Port 0x01: JJH Probe  s/n:3E4C880C,1128318628,1786030910.468723313,1,Too Few Markers,-3.697314E28,-3.697314E28,-3.697314E28,-3.697314E28,-3.697314E28,-3.697314E28,-3.697314E28,0.0000000,3,Missing,-3.697314E28,-3.697314E28,-3.697314E28,Missing,-3.697314E28,-3.697314E28,-3.697314E28,Missing,-3.697314E28,-3.697314E28,-3.697314E28,Port 0x02: JJH T tibia tracker  s/n:3E4C8800,1128318628,1786030910.468723313,1,OK,0.5107626,0.2242631,-0.1204455,-0.8211702,58.737,80.399,-1366.117,0.2649383,3,OK,58.630,80.205,-1366.184,OK,1.030,151.431,-1396.141,OK,92.863,160.738,-1343.965,Port 0x03: JJH Y femur tracker  s/n:3E4C8801,1128318628,1786030910.468723313,1,OK,0.4144441,0.1138119,0.2577126,0.8653711,-182.301,-184.989,-1305.799,0.4826295,3,OK,-182.585,-184.512,-1305.860,OK,-198.133,-272.420,-1261.521,OK,-123.597,-257.744,-1304.035
3,Port 0x01: JJH Probe  s/n:3E4C880C,1128318631,1786030910.518723313,1,Too Few Markers,-3.697314E28,-3.697314E28,-3.697314E28,-3.697314E28,-3.697314E28,-3.697314E28,-3.697314E28,0.0000000,3,Missing,-3.697314E28,-3.697314E28,-3.697314E28,Missing,-3.697314E28,-3.697314E28,-3.697314E28,Missing,-3.697314E28,-3.697314E28,-3.697314E28,Port 0x02: JJH T tibia tracker  s/n:3E4C8800,1128318631,1786030910.518723313,1,OK,0.5102812,0.2247673,-0.1191850,-0.8215155,58.721,80.326,-1365.545,0.2594476,3,OK,58.623,80.131,-1365.608,OK,1.030,151.479,-1395.336,OK,92.888,160.579,-1343.183,Port 0x03: JJH Y femur tracker  s/n:3E4C8801,1128318631,1786030910.518723313,1,OK,0.4144373,0.1134919,0.2577707,0.8653991,-182.315,-184.998,-1305.821,0.4857468,3,OK,-182.598,-184.517,-1305.884,OK,-198.147,-272.420,-1261.520,OK,-123.601,-257.740,-1303.999
3,Port 0x01: JJH Probe  s/n:3E4C880C,1128318634,1786030910.568723313,1,Too Few Markers,-3.697314E28,-3.697314E28,-3.697314E28,-3.697314E28,-3.697314E28,-3.697314E28,-3.697314E28,0.0000000,3,Missing,-3.697314E28,-3.697314E28,-3.697314E28,Missing,-3.697314E28,-3.697314E28,-3.697314E28,Missing,-3.697314E28,-3.697314E28,-3.697314E28,Port 0x02: JJH T tibia tracker  s/n:3E4C8800,1128318634,1786030910.568723313,1,OK,0.5098045,0.2257642,-0.1173602,-0.8218007,58.707,80.255,-1364.919,0.2673979,3,OK,58.598,80.062,-1364.989,OK,1.009,151.526,-1394.391,OK,92.890,160.418,-1342.215,Port 0x03: JJH Y femur tracker  s/n:3E4C8801,1128318634,1786030910.568723313,1,OK,0.4144390,0.1137649,0.2578034,0.8653527,-182.344,-185.004,-1305.827,0.4803921,3,OK,-182.625,-184.531,-1305.887,OK,-198.171,-272.425,-1261.532,OK,-123.641,-257.753,-1304.047
3,Port 0x01: JJH Probe  s/n:3E4C880C,1128318637,1786030910.618723313,1,Too Few Markers,-3.697314E28,-3.697314E28,-3.697314E28,-3.697314E28,-3.697314E28,-3.697314E28,-3.697314E28,0.0000000,3,Missing,-3.697314E28,-3.697314E28,-3.697314E28,Missing,-3.697314E28,-3.697314E28,-3.697314E28,Missing,-3.697314E28,-3.697314E28,-3.697314E28,Port 0x02: JJH T tibia tracker  s/n:3E4C8800,1128318637,1786030910.618723313,1,OK,0.5097837,0.2255013,-0.1169111,-0.8219498,58.703,80.246,-1364.797,0.2458559,3,OK,58.607,80.047,-1364.860,OK,1.003,151.549,-1394.165,OK,92.879,160.388,-1342.103,Port 0x03: JJH Y femur tracker  s/n:3E4C8801,1128318637,1786030910.618723313,1,OK,0.4144615,0.1136950,0.2578577,0.8653349,-182.324,-184.998,-1305.836,0.4826584,3,OK,-182.606,-184.523,-1305.897,OK,-198.154,-272.412,-1261.528,OK,-123.621,-257.749,-1304.039
3,Port 0x01: JJH Probe  s/n:3E4C880C,1128318640,1786030910.668723313,1,Too Few Markers,-3.697314E28,-3.697314E28,-3.697314E28,-3.697314E28,-3.697314E28,-3.697314E28,-3.697314E28,0.0000000,3,Missing,-3.697314E28,-3.697314E28,-3.697314E28,Missing,-3.697314E28,-3.697314E28,-3.697314E28,Missing,-3.697314E28,-3.697314E28,-3.697314E28,Port 0x02: JJH T tibia tracker  s/n:3E4C8800,1128318640,1786030910.668723313,1,OK,0.5096893,0.2259013,-0.1161247,-0.8220100,58.711,80.230,-1364.562,0.2551292,3,OK,58.609,80.037,-1364.628,OK,0.978,151.563,-1393.802,OK,92.888,160.341,-1341.722,Port 0x03: JJH Y femur tracker  s/n:3E4C8801,1128318640,1786030910.668723313,1,OK,0.4144219,0.1135644,0.2580291,0.8653200,-182.328,-185.005,-1305.877,0.4831603,3,OK,-182.606,-184.524,-1305.943,OK,-198.147,-272.413,-1261.530,OK,-123.617,-257.743,-1304.046
3,Port 0x01: JJH Probe  s/n:3E4C880C,1128318643,1786030910.718723313,1,Too Few Markers,-3.697314E28,-3.697314E28,-3.697314E28,-3.697314E28,-3.697314E28,-3.697314E28,-3.697314E28,0.0000000,3,Missing,-3.697314E28,-3.697314E28,-3.697314E28,Missing,-3.697314E28,-3.697314E28,-3.697314E28,Missing,-3.697314E28,-3.697314E28,-3.697314E28,Port 0x02: JJH T tibia tracker  s/n:3E4C8800,1128318643,1786030910.718723313,1,OK,0.5093610,0.2262657,-0.1151383,-0.8222520,58.676,80.193,-1364.179,0.2480917,3,OK,58.580,80.007,-1364.242,OK,0.946,151.609,-1393.239,OK,92.879,160.235,-1341.182,Port 0x03: JJH Y femur tracker  s/n:3E4C8801,1128318643,1786030910.718723313,1,OK,0.4144615,0.1136603,0.2576859,0.8653906,-182.335,-184.998,-1305.831,0.4847443,3,OK,-182.620,-184.525,-1305.890,OK,-198.168,-272.420,-1261.557,OK,-123.634,-257.750,-1304.040
3,Port 0x01: JJH Probe  s/n:3E4C880C,1128318646,1786030910.768723313,1,Too Few Markers,-3.697314E28,-3.697314E28,-3.697314E28,-3.697314E28,-3.697314E28,-3.697314E28,-3.697314E28,0.0000000,3,Missing,-3.697314E28,-3.697314E28,-3.697314E28,Missing,-3.697314E28,-3.697314E28,-3.697314E28,Missing,-3.697314E28,-3.697314E28,-3.697314E28,Port 0x02: JJH T tibia tracker  s/n:3E4C8800,1128318646,1786030910.768723313,1,OK,0.5089357,0.2274275,-0.1131425,-0.8224719,58.687,80.123,-1363.618,0.2553517,3,OK,58.588,79.929,-1363.683,OK,0.935,151.660,-1392.333,OK,92.878,160.073,-1340.245,Port 0x03: JJH Y femur tracker  s/n:3E4C8801,1128318646,1786030910.768723313,1,OK,0.4144016,0.1137296,0.2578615,0.8653579,-182.335,-185.001,-1305.845,0.4823799,3,OK,-182.616,-184.523,-1305.908,OK,-198.154,-272.422,-1261.537,OK,-123.621,-257.746,-1304.058
3,Port 0x01: JJH Probe  s/n:3E4C880C,1128318649,1786030910.818723313,1,Too Few Markers,-3.697314E28,-3.697314E28,-3.697314E28,-3.697314E28,-3.697314E28,-3.697314E28,-3.697314E28,0.0000000,3,Missing,-3.697314E28,-3.697314E28,-3.697314E28,Missing,-3.697314E28,-3.697314E28,-3.697314E28,Missing,-3.697314E28,-3.697314E28,-3.697314E28,Port 0x02: JJH T tibia tracker  s/n:3E4C8800,1128318649,1786030910.818723313,1,OK,0.5084919,0.2281322,-0.1106910,-0.8228847,58.690,80.062,-1362.967,0.2470697,3,OK,58.589,79.869,-1363.034,OK,0.903,151.736,-1391.231,OK,92.891,159.898,-1339.247,Port 0x03: JJH Y femur tracker  s/n:3E4C8801,1128318649,1786030910.818723313,1,OK,0.4144154,0.1137771,0.2577227,0.8653864,-182.325,-184.998,-1305.832,0.4841558,3,OK,-182.608,-184.521,-1305.893,OK,-198.148,-272.428,-1261.554,OK,-123.618,-257.748,-1304.062
3,Port 0x01: JJH Probe  s/n:3E4C880C,1128318652,1786030910.868723313,1,Too Few Markers,-3.697314E28,-3.697314E28,-3.697314E28,-3.697314E28,-3.697314E28,-3.697314E28,-3.697314E28,0.0000000,3,Missing,-3.697314E28,-3.697314E28,-3.697314E28,Missing,-3.697314E28,-3.697314E28,-3.697314E28,Missing,-3.697314E28,-3.697314E28,-3.697314E28,Port 0x02: JJH T tibia tracker  s/n:3E4C8800,1128318652,1786030910.868723313,1,OK,0.5079517,0.2294589,-0.1076418,-0.8232539,58.654,79.997,-1362.152,0.2614335,3,OK,58.546,79.801,-1362.225,OK,0.802,151.827,-1389.885,OK,92.862,159.697,-1337.920,Port 0x03: JJH Y femur tracker  s/n:3E4C8801,1128318652,1786030910.868723313,1,OK,0.4144571,0.1136310,0.2579677,0.8653126,-182.336,-185.008,-1305.876,0.4848343,3,OK,-182.615,-184.520,-1305.944,OK,-198.165,-272.424,-1261.539,OK,-123.630,-257.754,-1304.060
3,Port 0x01: JJH Probe  s/n:3E4C880C,1128318655,1786030910.918723313,1,Too Few Markers,-3.697314E28,-3.697314E28,-3.697314E28,-3.697314E28,-3.697314E28,-3.697314E28,-3.697314E28,0.0000000,3,Missing,-3.697314E28,-3.697314E28,-3.697314E28,Missing,-3.697314E28,-3.697314E28,-3.697314E28,Missing,-3.697314E28,-3.697314E28,-3.697314E28,Port 0x02: JJH T tibia tracker  s/n:3E4C8800,1128318655,1786030910.918723313,1,OK,0.5071546,0.2311447,-0.1041588,-0.8237216,58.636,79.882,-1361.128,0.2700405,3,OK,58.514,79.695,-1361.210,OK,0.748,151.905,-1388.247,OK,92.863,159.400,-1336.287,Port 0x03: JJH Y femur tracker  s/n:3E4C8801,1128318655,1786030910.918723313,1,OK,0.4144381,0.1139150,0.2576438,0.8653809,-182.348,-185.025,-1305.872,0.4849353,3,OK,-182.631,-184.541,-1305.936,OK,-198.180,-272.470,-1261.607,OK,-123.647,-257.784,-1304.130
3,Port 0x01: JJH Probe  s/n:3E4C880C,1128318658,1786030910.968723313,1,Too Few Markers,-3.697314E28,-3.697314E28,-3.697314E28,-3.697314E28,-3.697314E28,-3.697314E28,-3.697314E28,0.0000000,3,Missing,-3.697314E28,-3.697314E28,-3.697314E28,Missing,-3.697314E28,-3.697314E28,-3.697314E28,Missing,-3.697314E28,-3.697314E28,-3.697314E28,Port 0x02: JJH T tibia tracker  s/n:3E4C8800,1128318658,1786030910.968723313,1,OK,0.5065987,0.2320851,-0.1013191,-0.8241533,58.626,79.788,-1360.167,0.2547351,3,OK,58.514,79.606,-1360.244,OK,0.694,151.969,-1386.769,OK,92.860,159.148,-1334.909,Port 0x03: JJH Y femur tracker  s/n:3E4C8801,1128318658,1786030910.968723313,1,OK,0.4145768,0.1135816,0.2573364,0.8654497,-182.346,-185.021,-1305.881,0.4863939,3,OK,-182.628,-184.545,-1305.943,OK,-198.215,-272.470,-1261.662,OK,-123.665,-257.784,-1304.099
3,Port 0x01: JJH Probe  s/n:3E4C880C,1128318661,1786030911.018723313,1,Too Few Markers,-3.697314E28,-3.697314E28,-3.697314E28,-3.697314E28,-3.697314E28,-3.697314E28,-3.697314E28,0.0000000,3,Missing,-3.697314E28,-3.697314E28,-3.697314E28,Missing,-3.697314E28,-3.697314E28,-3.697314E28,Missing,-3.697314E28,-3.697314E28,-3.697314E28,Port 0x02: JJH T tibia tracker  s/n:3E4C8800,1128318661,1786030911.018723313,1,OK,0.5058856,0.2334713,-0.0978971,-0.8246133,58.544,79.720,-1359.209,0.2661315,3,OK,58.423,79.546,-1359.291,OK,0.554,152.074,-1385.205,OK,92.811,158.901,-1333.391,Port 0x03: JJH Y femur tracker  s/n:3E4C8801,1128318661,1786030911.018723313,1,OK,0.4145618,0.1137508,0.2573327,0.8654358,-182.350,-185.031,-1305.872,0.4832208,3,OK,-182.631,-184.552,-1305.935,OK,-198.219,-272.489,-1261.655,OK,-123.667,-257.797,-1304.121
3,Port 0x01: JJH Probe  s/n:3E4C880C,1128318664,1786030911.068723313,1,Too Few Markers,-3.697314E28,-3.697314E28,-3.697314E28,-3.697314E28,-3.697314E28,-3.697314E28,-3.697314E28,0.0000000,3,Missing,-3.697314E28,-3.697314E28,-3.697314E28,Missing,-3.697314E28,-3.697314E28,-3.697314E28,Missing,-3.697314E28,-3.697314E28,-3.697314E28,Port 0x02: JJH T tibia tracker  s/n:3E4C8800,1128318664,1786030911.068723313,1,OK,0.5055041,0.2345165,-0.0938925,-0.8250162,58.451,79.622,-1358.059,0.2560351,3,OK,58.333,79.443,-1358.141,OK,0.339,152.124,-1383.330,OK,92.681,158.632,-1331.709,Port 0x03: JJH Y femur tracker  s/n:3E4C8801,1128318664,1786030911.068723313,1,OK,0.4146187,0.1134266,0.2569158,0.8655750,-182.371,-185.054,-1305.918,0.4875830,3,OK,-182.655,-184.582,-1305.976,OK,-198.264,-272.526,-1261.771,OK,-123.691,-257.820,-1304.142
3,Port 0x01: JJH Probe  s/n:3E4C880C,1128318667,1786030911.118723313,1,Too Few Markers,-3.697314E28,-3.697314E28,-3.697314E28,-3.697314E28,-3.697314E28,-3.697314E28,-3.697314E28,0.0000000,3,Missing,-3.697314E28,-3.697314E28,-3.697314E28,Missing,-3.697314E28,-3.697314E28,-3.697314E28,Missing,-3.697314E28,-3.697314E28,-3.697314E28,Port 0x02: JJH T tibia tracker  s/n:3E4C8800,1128318667,1786030911.118723313,1,OK,0.5048798,0.2353617,-0.0924454,-0.8253212,58.359,79.554,-1357.076,0.2398517,3,OK,58.265,79.391,-1357.143,OK,0.262,152.189,-1382.089,OK,92.626,158.422,-1330.450,Port 0x03: JJH Y femur tracker  s/n:3E4C8801,1128318667,1786030911.118723313,1,OK,0.4145691,0.1134262,0.2572230,0.8655076,-182.386,-185.075,-1306.011,0.4856588,3,OK,-182.668,-184.595,-1306.074,OK,-198.265,-272.532,-1261.803,OK,-123.692,-257.832,-1304.216
3,Port 0x01: JJH Probe  s/n:3E4C880C,1128318670,1786030911.168723313,1,Too Few Markers,-3.697314E28,-3.697314E28,-3.697314E28,-3.697314E28,-3.697314E28,-3.697314E28,-3.697314E28,0.0000000,3,Missing,-3.697314E28,-3.697314E28,-3.697314E28,Missing,-3.697314E28,-3.697314E28,-3.697314E28,Missing,-3.697314E28,-3.697314E28,-3.697314E28,Port 0x02: JJH T tibia tracker  s/n:3E4C8800,1128318670,1786030911.168723313,1,OK,0.5046143,0.2366802,-0.0896653,-0.8254132,58.321,79.530,-1356.671,0.2588817,3,OK,58.204,79.368,-1356.753,OK,0.138,152.237,-1381.208,OK,92.544,158.291,-1329.577,Port 0x03: JJH Y femur tracker  s/n:3E4C8801,1128318670,1786030911.168723313,1,OK,0.4146467,0.1134623,0.2568592,0.8655737,-182.380,-185.063,-1305.964,0.4892775,3,OK,-182.664,-184.584,-1306.026,OK,-198.282,-272.544,-1261.825,OK,-123.704,-257.835,-1304.198
3,Port 0x01: JJH Probe  s/n:3E4C880C,1128318673,1786030911.218723313,1,Too Few Markers,-3.697314E28,-3.697314E28,-3.697314E28,-3.697314E28,-3.697314E28,-3.697314E28,-3.697314E28,0.0000000,3,Missing,-3.697314E28,-3.697314E28,-3.697314E28,Missing,-3.697314E28,-3.697314E28,-3.697314E28,Missing,-3.697314E28,-3.697314E28,-3.697314E28,Port 0x02: JJH T tibia tracker  s/n:3E4C8800,1128318673,1786030911.218723313,1,OK,0.5049062,0.2363899,-0.0887715,-0.8254145,58.253,79.540,-1356.638,0.2624058,3,OK,58.130,79.365,-1356.724,OK,-0.016,152.222,-1381.009,OK,92.443,158.313,-1329.511,Port 0x03: JJH Y femur tracker  s/n:3E4C8801,1128318673,1786030911.218723313,1,OK,0.4146379,0.1135707,0.2569045,0.8655502,-182.397,-185.076,-1305.984,0.4857126,3,OK,-182.682,-184.601,-1306.043,OK,-198.298,-272.554,-1261.839,OK,-123.718,-257.850,-1304.235
3,Port 0x01: JJH Probe  s/n:3E4C880C,1128318676,1786030911.268723313,1,Too Few Markers,-3.697314E28,-3.697314E28,-3.697314E28,-3.697314E28,-3.697314E28,-3.697314E28,-3.697314E28,0.0000000,3,Missing,-3.697314E28,-3.697314E28,-3.697314E28,Missing,-3.697314E28,-3.697314E28,-3.697314E28,Missing,-3.697314E28,-3.697314E28,-3.697314E28,Port 0x02: JJH T tibia tracker  s/n:3E4C8800,1128318676,1786030911.268723313,1,OK,0.5047222,0.2367544,-0.0878925,-0.8255166,58.221,79.513,-1356.427,0.2626279,3,OK,58.094,79.342,-1356.515,OK,-0.058,152.233,-1380.640,OK,92.414,158.237,-1329.159,Port 0x03: JJH Y femur tracker  s/n:3E4C8801,1128318676,1786030911.268723313,1,OK,0.4145708,0.1135615,0.2569967,0.8655562,-182.397,-185.091,-1306.001,0.4864357,3,OK,-182.680,-184.610,-1306.064,OK,-198.282,-272.571,-1261.839,OK,-123.707,-257.855,-1304.247
3,Port 0x01: JJH Probe  s/n:3E4C880C,1128318679,1786030911.318723313,1,Too Few Markers,-3.697314E28,-3.697314E28,-3.697314E28,-3.697314E28,-3.697314E28,-3.697314E28,-3.697314E28,0.0000000,3,Missing,-3.697314E28,-3.697314E28,-3.697314E28,Missing,-3.697314E28,-3.697314E28,-3.697314E28,Missing,-3.697314E28,-3.697314E28,-3.697314E28,Port 0x02: JJH T tibia tracker  s/n:3E4C8800,1128318679,1786030911.318723313,1,OK,0.5047573,0.2366858,-0.0887360,-0.8254246,58.211,79.513,-1356.426,0.2659503,3,OK,58.102,79.338,-1356.505,OK,-0.059,152.227,-1380.807,OK,92.414,158.258,-1329.245,Port 0x03: JJH Y femur tracker  s/n:3E4C8801,1128318679,1786030911.318723313,1,OK,0.4146353,0.1131437,0.2570307,0.8655699,-182.395,-185.100,-1306.013,0.4907837,3,OK,-182.676,-184.617,-1306.078,OK,-198.293,-272.565,-1261.830,OK,-123.709,-257.856,-1304.181
3,Port 0x01: JJH Probe  s/n:3E4C880C,1128318682,1786030911.368723313,1,Too Few Markers,-3.697314E28,-3.697314E28,-3.697314E28,-3.697314E28,-3.697314E28,-3.697314E28,-3.697314E28,0.0000000,3,Missing,-3.697314E28,-3.697314E28,-3.697314E28,Missing,-3.697314E28,-3.697314E28,-3.697314E28,Missing,-3.697314E28,-3.697314E28,-3.697314E28,Port 0x02: JJH T tibia tracker  s/n:3E4C8800,1128318682,1786030911.368723313,1,OK,0.5046740,0.2366326,-0.0885998,-0.8255054,58.198,79.495,-1356.307,0.2622956,3,OK,58.091,79.319,-1356.385,OK,-0.063,152.227,-1380.656,OK,92.415,158.227,-1329.120,Port 0x03: JJH Y femur tracker  s/n:3E4C8801,1128318682,1786030911.368723313,1,OK,0.4146158,0.1135681,0.2567519,0.8656064,-182.377,-185.088,-1305.974,0.4869804,3,OK,-182.663,-184.613,-1306.032,OK,-198.277,-272.577,-1261.859,OK,-123.697,-257.860,-1304.237
3,Port 0x01: JJH Probe  s/n:3E4C880C,1128318685,1786030911.418723317,1,Too Few Markers,-3.697314E28,-3.697314E28,-3.697314E28,-3.697314E28,-3.697314E28,-3.697314E28,-3.697314E28,0.0000000,3,Missing,-3.697314E28,-3.697314E28,-3.697314E28,Missing,-3.697314E28,-3.697314E28,-3.697314E28,Missing,-3.697314E28,-3.697314E28,-3.697314E28,Port 0x02: JJH T tibia tracker  s/n:3E4C8800,1128318685,1786030911.418723317,1,OK,0.5047498,0.2366955,-0.0877800,-0.8255286,58.207,79.513,-1356.391,0.2666678,3,OK,58.087,79.334,-1356.477,OK,-0.094,152.239,-1380.588,OK,92.405,158.236,-1329.119,Port 0x03: JJH Y femur tracker  s/n:3E4C8801,1128318685,1786030911.418723317,1,OK,0.4146059,0.1132853,0.2569335,0.8655943,-182.416,-185.096,-1306.040,0.4889673,3,OK,-182.699,-184.615,-1306.103,OK,-198.313,-272.572,-1261.880,OK,-123.724,-257.856,-1304.243
3,Port 0x01: JJH Probe  s/n:3E4C880C,1128318688,1786030911.468723317,1,Too Few Markers,-3.697314E28,-3.697314E28,-3.697314E28,-3.697314E28,-3.697314E28,-3.697314E28,-3.697314E28,0.0000000,3,Missing,-3.697314E28,-3.697314E28,-3.697314E28,Missing,-3.697314E28,-3.697314E28,-3.697314E28,Missing,-3.697314E28,-3.697314E28,-3.697314E28,Port 0x02: JJH T tibia tracker  s/n:3E4C8800,1128318688,1786030911.468723317,1,OK,0.5046589,0.2365727,-0.0880247,-0.8255933,58.191,79.487,-1356.271,0.2598562,3,OK,58.075,79.312,-1356.354,OK,-0.082,152.225,-1380.503,OK,92.410,158.205,-1329.039,Port 0x03: JJH Y femur tracker  s/n:3E4C8801,1128318688,1786030911.468723317,1,OK,0.4146045,0.1134089,0.2568607,0.8656004,-182.390,-185.102,-1306.012,0.4866968,3,OK,-182.674,-184.626,-1306.073,OK,-198.288,-272.583,-1261.871,OK,-123.702,-257.865,-1304.242
3,Port 0x01: JJH Probe  s/n:3E4C880C,1128318691,1786030911.518723317,1,Too Few Markers,-3.697314E28,-3.697314E28,-3.697314E28,-3.697314E28,-3.697314E28,-3.697314E28,-3.697314E28,0.0000000,3,Missing,-3.697314E28,-3.697314E28,-3.697314E28,Missing,-3.697314E28,-3.697314E28,-3.697314E28,Missing,-3.697314E28,-3.697314E28,-3.697314E28,Port 0x02: JJH T tibia tracker  s/n:3E4C8800,1128318691,1786030911.518723317,1,OK,0.5047008,0.2365421,-0.0878818,-0.8255918,58.207,79.493,-1356.228,0.2540497,3,OK,58.093,79.323,-1356.309,OK,-0.078,152.227,-1380.433,OK,92.416,158.205,-1328.992,Port 0x03: JJH Y femur tracker  s/n:3E4C8801,1128318691,1786030911.518723317,1,OK,0.4146403,0.1136055,0.2567467,0.8655913,-182.378,-185.089,-1305.992,0.4842300,3,OK,-182.662,-184.615,-1306.051,OK,-198.286,-272.579,-1261.877,OK,-123.700,-257.863,-1304.263
3,Port 0x01: JJH Probe  s/n:3E4C880C,1128318694,1786030911.568723317,1,Too Few Markers,-3.697314E28,-3.697314E28,-3.697314E28,-3.697314E28,-3.697314E28,-3.697314E28,-3.697314E28,0.0000000,3,Missing,-3.697314E28,-3.697314E28,-3.697314E28,Missing,-3.697314E28,-3.697314E28,-3.697314E28,Missing,-3.697314E28,-3.697314E28,-3.697314E28,Port 0x02: JJH T tibia tracker  s/n:3E4C8800,1128318694,1786030911.568723317,1,OK,0.5047320,0.2365878,-0.0875110,-0.8255990,58.195,79.488,-1356.298,0.2535462,3,OK,58.075,79.321,-1356.382,OK,-0.105,152.219,-1380.435,OK,92.393,158.194,-1329.023,Port 0x03: JJH Y femur tracker  s/n:3E4C8801,1128318694,1786030911.568723317,1,OK,0.4146306,0.1134619,0.2567635,0.8656098,-182.399,-185.096,-1305.984,0.4851908,3,OK,-182.680,-184.620,-1306.046,OK,-198.305,-272.587,-1261.860,OK,-123.719,-257.862,-1304.229
3,Port 0x01: JJH Probe  s/n:3E4C880C,1128318697,1786030911.618723317,1,Too Few Markers,-3.697314E28,-3.697314E28,-3.697314E28,-3.697314E28,-3.697314E28,-3.697314E28,-3.697314E28,0.0000000,3,Missing,-3.697314E28,-3.697314E28,-3.697314E28,Missing,-3.697314E28,-3.697314E28,-3.697314E28,Missing,-3.697314E28,-3.697314E28,-3.697314E28,Port 0x02: JJH T tibia tracker  s/n:3E4C8800,1128318697,1786030911.618723317,1,OK,0.5047121,0.2367415,-0.0870962,-0.8256109,58.217,79.474,-1356.235,0.2549947,3,OK,58.100,79.299,-1356.319,OK,-0.102,152.220,-1380.301,OK,92.404,158.165,-1328.898,Port 0x03: JJH Y femur tracker  s/n:3E4C8801,1128318697,1786030911.618723317,1,OK,0.4145990,0.1133317,0.2570470,0.8655579,-182.406,-185.111,-1306.026,0.4868914,3,OK,-182.688,-184.629,-1306.091,OK,-198.300,-272.582,-1261.845,OK,-123.715,-257.869,-1304.229
3,Port 0x01: JJH Probe  s/n:3E4C880C,1128318700,1786030911.668723317,1,Too Few Markers,-3.697314E28,-3.697314E28,-3.697314E28,-3.697314E28,-3.697314E28,-3.697314E28,-3.697314E28,0.0000000,3,Missing,-3.697314E28,-3.697314E28,-3.697314E28,Missing,-3.697314E28,-3.697314E28,-3.697314E28,Missing,-3.697314E28,-3.697314E28,-3.697314E28,Port 0x02: JJH T tibia tracker  s/n:3E4C8800,1128318700,1786030911.668723317,1,OK,0.5046995,0.2365965,-0.0872910,-0.8256396,58.214,79.488,-1356.210,0.2555518,3,OK,58.093,79.316,-1356.295,OK,-0.092,152.229,-1380.304,OK,92.416,158.187,-1328.910,Port 0x03: JJH Y femur tracker  s/n:3E4C8801,1128318700,1786030911.668723317,1,OK,0.4146358,0.1134902,0.2568567,0.8655760,-182.389,-185.093,-1306.007,0.4840405,3,OK,-182.672,-184.617,-1306.068,OK,-198.295,-272.576,-1261.866,OK,-123.707,-257.861,-1304.251
3,Port 0x01: JJH Probe  s/n:3E4C880C,1128318703,1786030911.718723317,1,Too Few Markers,-3.697314E28,-3.697314E28,-3.697314E28,-3.697314E28,-3.697314E28,-3.697314E28,-3.697314E28,0.0000000,3,Missing,-3.697314E28,-3.697314E28,-3.697314E28,Missing,-3.697314E28,-3.697314E28,-3.697314E28,Missing,-3.697314E28,-3.697314E28,-3.697314E28,Port 0x02: JJH T tibia tracker  s/n:3E4C8800,1128318703,1786030911.718723317,1,OK,0.5047155,0.2370047,-0.0869017,-0.8255539,58.213,79.477,-1356.233,0.2680180,3,OK,58.087,79.299,-1356.321,OK,-0.120,152.220,-1380.275,OK,92.390,158.170,-1328.833,Port 0x03: JJH Y femur tracker  s/n:3E4C8801,1128318703,1786030911.718723317,1,OK,0.4146054,0.1133652,0.2569393,0.8655824,-182.408,-185.108,-1306.023,0.4862835,3,OK,-182.690,-184.627,-1306.087,OK,-198.307,-272.588,-1261.862,OK,-123.718,-257.868,-1304.240
3,Port 0x01: JJH Probe  s/n:3E4C880C,1128318706,1786030911.768723317,1,Too Few Markers,-3.697314E28,-3.697314E28,-3.697314E28,-3.697314E28,-3.697314E28,-3.697314E28,-3.697314E28,0.0000000,3,Missing,-3.697314E28,-3.697314E28,-3.697314E28,Missing,-3.697314E28,-3.697314E28,-3.697314E28,Missing,-3.697314E28,-3.697314E28,-3.697314E28,Port 0x02: JJH T tibia tracker  s/n:3E4C8800,1128318706,1786030911.768723317,1,OK,0.5046716,0.2367745,-0.0872576,-0.8256092,58.193,79.472,-1356.184,0.2603960,3,OK,58.078,79.294,-1356.267,OK,-0.120,152.224,-1380.283,OK,92.391,158.166,-1328.853,Port 0x03: JJH Y femur tracker  s/n:3E4C8801,1128318706,1786030911.768723317,1,OK,0.4146082,0.1134177,0.2568707,0.8655946,-182.412,-185.109,-1306.010,0.4879503,3,OK,-182.697,-184.629,-1306.071,OK,-198.311,-272.590,-1261.866,OK,-123.723,-257.874,-1304.240
3,Port 0x01: JJH Probe  s/n:3E4C880C,1128318709,1786030911.818723317,1,Too Few Markers,-3.697314E28,-3.697314E28,-3.697314E28,-3.697314E28,-3.697314E28,-3.697314E28,-3.697314E28,0.0000000,3,Missing,-3.697314E28,-3.697314E28,-3.697314E28,Missing,-3.697314E28,-3.697314E28,-3.697314E28,Missing,-3.697314E28,-3.697314E28,-3.697314E28,Port 0x02: JJH T tibia tracker  s/n:3E4C8800,1128318709,1786030911.818723317,1,OK,0.5046269,0.2366919,-0.0875135,-0.8256331,58.210,79.471,-1356.127,0.2516263,3,OK,58.097,79.311,-1356.206,OK,-0.085,152.221,-1380.269,OK,92.422,158.157,-1328.832,Port 0x03: JJH Y femur tracker  s/n:3E4C8801,1128318709,1786030911.818723317,1,OK,0.4146066,0.1134018,0.2569977,0.8655597,-182.377,-185.109,-1306.035,0.4880488,3,OK,-182.660,-184.629,-1306.098,OK,-198.270,-272.583,-1261.867,OK,-123.690,-257.872,-1304.251
3,Port 0x01: JJH Probe  s/n:3E4C880C,1128318712,1786030911.868723317,1,Too Few Markers,-3.697314E28,-3.697314E28,-3.697314E28,-3.697314E28,-3.697314E28,-3.697314E28,-3.697314E28,0.0000000,3,Missing,-3.697314E28,-3.697314E28,-3.697314E28,Missing,-3.697314E28,-3.697314E28,-3.697314E28,Missing,-3.697314E28,-3.697314E28,-3.697314E28,Port 0x02: JJH T tibia tracker  s/n:3E4C8800,1128318712,1786030911.868723317,1,OK,0.5045646,0.2368758,-0.0873331,-0.8256375,58.181,79.455,-1356.054,0.2568579,3,OK,58.069,79.287,-1356.134,OK,-0.116,152.219,-1380.168,OK,92.392,158.130,-1328.711,Port 0x03: JJH Y femur tracker  s/n:3E4C8801,1128318712,1786030911.868723317,1,OK,0.4145694,0.1134113,0.2570552,0.8655592,-182.421,-185.121,-1306.047,0.4883685,3,OK,-182.702,-184.634,-1306.113,OK,-198.307,-272.599,-1261.866,OK,-123.727,-257.879,-1304.263
3,Port 0x01: JJH Probe  s/n:3E4C880C,1128318715,1786030911.918723317,1,Too Few Markers,-3.697314E28,-3.697314E28,-3.697314E28,-3.697314E28,-3.697314E28,-3.697314E28,-3.697314E28,0.0000000,3,Missing,-3.697314E28,-3.697314E28,-3.697314E28,Missing,-3.697314E28,-3.697314E28,-3.697314E28,Missing,-3.697314E28,-3.697314E28,-3.697314E28,Port 0x02: JJH T tibia tracker  s/n:3E4C8800,1128318715,1786030911.918723317,1,OK,0.5046095,0.2367830,-0.0872681,-0.8256436,58.175,79.468,-1356.091,0.2556511,3,OK,58.063,79.306,-1356.170,OK,-0.134,152.224,-1380.193,OK,92.388,158.143,-1328.756,Port 0x03: JJH Y femur tracker  s/n:3E4C8801,1128318715,1786030911.918723317,1,OK,0.4146140,0.1135039,0.2569545,0.8655556,-182.412,-185.107,-1306.012,0.4842118,3,OK,-182.692,-184.627,-1306.076,OK,-198.311,-272.588,-1261.852,OK,-123.728,-257.871,-1304.251
3,Port 0x01: JJH Probe  s/n:3E4C880C,1128318718,1786030911.968723317,1,Too Few Markers,-3.697314E28,-3.697314E28,-3.697314E28,-3.697314E28,-3.697314E28,-3.697314E28,-3.697314E28,0.0000000,3,Missing,-3.697314E28,-3.697314E28,-3.697314E28,Missing,-3.697314E28,-3.697314E28,-3.697314E28,Missing,-3.697314E28,-3.697314E28,-3.697314E28,Port 0x02: JJH T tibia tracker  s/n:3E4C8800,1128318718,1786030911.968723317,1,OK,0.5046148,0.2365709,-0.0871253,-0.8257163,58.200,79.461,-1356.053,0.2450683,3,OK,58.086,79.299,-1356.133,OK,-0.101,152.220,-1380.112,OK,92.413,158.135,-1328.743,Port 0x03: JJH Y femur tracker  s/n:3E4C8801,1128318718,1786030911.968723317,1,OK,0.4145750,0.1135659,0.2570629,0.8655340,-182.388,-185.117,-1306.021,0.4853903,3,OK,-182.669,-184.634,-1306.085,OK,-198.274,-272.595,-1261.843,OK,-123.697,-257.880,-1304.263
3,Port 0x01: JJH Probe  s/n:3E4C880C,1128318721,1786030912.018723317,1,Too Few Markers,-3.697314E28,-3.697314E28,-3.697314E28,-3.697314E28,-3.697314E28,-3.697314E28,-3.697314E28,0.0000000,3,Missing,-3.697314E28,-3.697314E28,-3.697314E28,Missing,-3.697314E28,-3.697314E28,-3.697314E28,Missing,-3.697314E28,-3.697314E28,-3.697314E28,Port 0x02: JJH T tibia tracker  s/n:3E4C8800,1128318721,1786030912.018723317,1,OK,0.5046463,0.2366654,-0.0870516,-0.8256777,58.186,79.460,-1356.118,0.2578214,3,OK,58.071,79.284,-1356.201,OK,-0.133,152.219,-1380.173,OK,92.396,158.143,-1328.782,Port 0x03: JJH Y femur tracker  s/n:3E4C8801,1128318721,1786030912.018723317,1,OK,0.4146794,0.1136338,0.2566234,0.8656054,-182.388,-185.093,-1305.937,0.4830585,3,OK,-182.671,-184.622,-1305.994,OK,-198.306,-272.591,-1261.844,OK,-123.720,-257.872,-1304.219
3,Port 0x01: JJH Probe  s/n:3E4C880C,1128318724,1786030912.068723317,1,Too Few Markers,-3.697314E28,-3.697314E28,-3.697314E28,-3.697314E28,-3.697314E28,-3.697314E28,-3.697314E28,0.0000000,3,Missing,-3.697314E28,-3.697314E28,-3.697314E28,Missing,-3.697314E28,-3.697314E28,-3.697314E28,Missing,-3.697314E28,-3.697314E28,-3.697314E28,Port 0x02: JJH T tibia tracker  s/n:3E4C8800,1128318724,1786030912.068723317,1,OK,0.5046258,0.2367108,-0.0872270,-0.8256587,58.186,79.456,-1356.070,0.2582660,3,OK,58.076,79.280,-1356.150,OK,-0.126,152.219,-1380.161,OK,92.399,158.140,-1328.743,Port 0x03: JJH Y femur tracker  s/n:3E4C8801,1128318724,1786030912.068723317,1,OK,0.4146458,0.1136410,0.2567013,0.8655975,-182.398,-185.104,-1305.963,0.4847218,3,OK,-182.686,-184.632,-1306.019,OK,-198.310,-272.595,-1261.858,OK,-123.716,-257.884,-1304.245
3,Port 0x01: JJH Probe  s/n:3E4C880C,1128318727,1786030912.118723317,1,Too Few Markers,-3.697314E28,-3.697314E28,-3.697314E28,-3.697314E28,-3.697314E28,-3.697314E28,-3.697314E28,0.0000000,3,Missing,-3.697314E28,-3.697314E28,-3.697314E28,Missing,-3.697314E28,-3.697314E28,-3.697314E28,Missing,-3.697314E28,-3.697314E28,-3.697314E28,Port 0x02: JJH T tibia tracker  s/n:3E4C8800,1128318727,1786030912.118723317,1,OK,0.5045929,0.2370670,-0.0867087,-0.8256312,58.218,79.451,-1356.078,0.2609521,3,OK,58.092,79.289,-1356.165,OK,-0.103,152.209,-1380.081,OK,92.411,158.115,-1328.648,Port 0x03: JJH Y femur tracker  s/n:3E4C8801,1128318727,1786030912.118723317,1,OK,0.4146418,0.1136542,0.2568363,0.8655576,-182.382,-185.106,-1305.984,0.4866490,3,OK,-182.668,-184.627,-1306.044,OK,-198.287,-272.593,-1261.853,OK,-123.705,-257.885,-1304.254
3,Port 0x01: JJH Probe  s/n:3E4C880C,1128318730,1786030912.168723317,1,Too Few Markers,-3.697314E28,-3.697314E28,-3.697314E28,-3.697314E28,-3.697314E28,-3.697314E28,-3.697314E28,0.0000000,3,Missing,-3.697314E28,-3.697314E28,-3.697314E28,Missing,-3.697314E28,-3.697314E28,-3.697314E28,Missing,-3.697314E28,-3.697314E28,-3.697314E28,Port 0x02: JJH T tibia tracker  s/n:3E4C8800,1128318730,1786030912.168723317,1,OK,0.5045546,0.2371317,-0.0868288,-0.8256234,58.193,79.455,-1356.115,0.2660604,3,OK,58.074,79.281,-1356.199,OK,-0.126,152.226,-1380.145,OK,92.392,158.121,-1328.683,Port 0x03: JJH Y femur tracker  s/n:3E4C8801,1128318730,1786030912.168723317,1,OK,0.4145912,0.1134918,0.2571216,0.8655185,-182.409,-185.113,-1306.005,0.4848450,3,OK,-182.692,-184.634,-1306.067,OK,-198.297,-272.579,-1261.816,OK,-123.719,-257.875,-1304.229
3,Port 0x01: JJH Probe  s/n:3E4C880C,1128318733,1786030912.218723317,1,Too Few Markers,-3.697314E28,-3.697314E28,-3.697314E28,-3.697314E28,-3.697314E28,-3.697314E28,-3.697314E28,0.0000000,3,Missing,-3.697314E28,-3.697314E28,-3.697314E28,Missing,-3.697314E28,-3.697314E28,-3.697314E28,Missing,-3.697314E28,-3.697314E28,-3.697314E28,Port 0x02: JJH T tibia tracker  s/n:3E4C8800,1128318733,1786030912.218723317,1,OK,0.5045693,0.2372276,-0.0866739,-0.8256031,58.211,79.459,-1356.105,0.2662080,3,OK,58.092,79.285,-1356.190,OK,-0.117,152.229,-1380.111,OK,92.400,158.120,-1328.646,Port 0x03: JJH Y femur tracker  s/n:3E4C8801,1128318733,1786030912.218723317,1,OK,0.4145901,0.1135581,0.2569205,0.8655701,-182.402,-185.109,-1305.990,0.4860108,3,OK,-182.686,-184.630,-1306.051,OK,-198.295,-272.591,-1261.841,OK,-123.714,-257.876,-1304.241
3,Port 0x01: JJH Probe  s/n:3E4C880C,1128318736,1786030912.268723317,1,Too Few Markers,-3.697314E28,-3.697314E28,-3.697314E28,-3.697314E28,-3.697314E28,-3.697314E28,-3.697314E28,0.0000000,3,Missing,-3.697314E28,-3.697314E28,-3.697314E28,Missing,-3.697314E28,-3.697314E28,-3.697314E28,Missing,-3.697314E28,-3.697314E28,-3.697314E28,Port 0x02: JJH T tibia tracker  s/n:3E4C8800,1128318736,1786030912.268723317,1,OK,0.5045506,0.2369371,-0.0868257,-0.8256820,58.207,79.449,-1356.094,0.2569738,3,OK,58.089,79.275,-1356.178,OK,-0.099,152.222,-1380.109,OK,92.410,158.115,-1328.696,Port 0x03: JJH Y femur tracker  s/n:3E4C8801,1128318736,1786030912.268723317,1,OK,0.4146230,0.1136088,0.2569410,0.8655415,-182.387,-185.108,-1305.996,0.4852273,3,OK,-182.668,-184.628,-1306.059,OK,-198.284,-272.592,-1261.843,OK,-123.709,-257.879,-1304.251
3,Port 0x01: JJH Probe  s/n:3E4C880C,1128318739,1786030912.318723317,1,Too Few Markers,-3.697314E28,-3.697314E28,-3.697314E28,-3.697314E28,-3.697314E28,-3.697314E28,-3.697314E28,0.0000000,3,Missing,-3.697314E28,-3.697314E28,-3.697314E28,Missing,-3.697314E28,-3.697314E28,-3.697314E28,Missing,-3.697314E28,-3.697314E28,-3.697314E28,Port 0x02: JJH T tibia tracker  s/n:3E4C8800,1128318739,1786030912.318723317,1,OK,0.5045653,0.2371126,-0.0866912,-0.8256368,58.196,79.450,-1356.057,0.2659331,3,OK,58.071,79.282,-1356.144,OK,-0.128,152.214,-1380.060,OK,92.395,158.113,-1328.615,Port 0x03: JJH Y femur tracker  s/n:3E4C8801,1128318739,1786030912.318723317,1,OK,0.4146363,0.1136230,0.2567701,0.8655840,-182.401,-185.104,-1305.976,0.4865981,3,OK,-182.686,-184.625,-1306.037,OK,-198.307,-272.597,-1261.856,OK,-123.722,-257.880,-1304.248
3,Port 0x01: JJH Probe  s/n:3E4C880C,1128318742,1786030912.368723317,1,Too Few Markers,-3.697314E28,-3.697314E28,-3.697314E28,-3.697314E28,-3.697314E28,-3.697314E28,-3.697314E28,0.0000000,3,Missing,-3.697314E28,-3.697314E28,-3.697314E28,Missing,-3.697314E28,-3.697314E28,-3.697314E28,Missing,-3.697314E28,-3.697314E28,-3.697314E28,Port 0x02: JJH T tibia tracker  s/n:3E4C8800,1128318742,1786030912.368723317,1,OK,0.5045650,0.2369671,-0.0867563,-0.8256719,58.202,79.451,-1356.023,0.2588408,3,OK,58.086,79.284,-1356.105,OK,-0.120,152.221,-1380.033,OK,92.407,158.110,-1328.611,Port 0x03: JJH Y femur tracker  s/n:3E4C8801,1128318742,1786030912.368723317,1,OK,0.4146365,0.1137154,0.2568189,0.8655573,-182.394,-185.096,-1305.979,0.4849179,3,OK,-182.679,-184.619,-1306.038,OK,-198.298,-272.585,-1261.853,OK,-123.718,-257.875,-1304.262
3,Port 0x01: JJH Probe  s/n:3E4C880C,1128318745,1786030912.418723314,1,Too Few Markers,-3.697314E28,-3.697314E28,-3.697314E28,-3.697314E28,-3.697314E28,-3.697314E28,-3.697314E28,0.0000000,3,Missing,-3.697314E28,-3.697314E28,-3.697314E28,Missing,-3.697314E28,-3.697314E28,-3.697314E28,Missing,-3.697314E28,-3.697314E28,-3.697314E28,Port 0x02: JJH T tibia tracker  s/n:3E4C8800,1128318745,1786030912.418723314,1,OK,0.5045137,0.2368205,-0.0868208,-0.8257385,58.188,79.450,-1356.006,0.2592357,3,OK,58.069,79.284,-1356.090,OK,-0.122,152.225,-1380.019,OK,92.415,158.110,-1328.619,Port 0x03: JJH Y femur tracker  s/n:3E4C8801,1128318745,1786030912.418723314,1,OK,0.4146206,0.1135903,0.2568376,0.8655758,-182.399,-185.101,-1305.990,0.4827287,3,OK,-182.682,-184.627,-1306.050,OK,-198.302,-272.587,-1261.856,OK,-123.716,-257.871,-1304.253
3,Port 0x01: JJH Probe  s/n:3E4C880C,1128318748,1786030912.468723314,1,Too Few Markers,-3.697314E28,-3.697314E28,-3.697314E28,-3.697314E28,-3.697314E28,-3.697314E28,-3.697314E28,0.0000000,3,Missing,-3.697314E28,-3.697314E28,-3.697314E28,Missing,-3.697314E28,-3.697314E28,-3.697314E28,Missing,-3.697314E28,-3.697314E28,-3.697314E28,Port 0x02: JJH T tibia tracker  s/n:3E4C8800,1128318748,1786030912.468723314,1,OK,0.5045398,0.2366910,-0.0870989,-0.8257304,58.187,79.451,-1355.937,0.2478159,3,OK,58.076,79.299,-1356.014,OK,-0.116,152.220,-1379.999,OK,92.414,158.109,-1328.599,Port 0x03: JJH Y femur tracker  s/n:3E4C8801,1128318748,1786030912.468723314,1,OK,0.4145786,0.1132334,0.2571807,0.8655408,-182.402,-185.116,-1306.050,0.4854956,3,OK,-182.680,-184.633,-1306.117,OK,-198.289,-272.580,-1261.839,OK,-123.707,-257.863,-1304.227
3,Port 0x01: JJH Probe  s/n:3E4C880C,1128318751,1786030912.518723315,1,Too Few Markers,-3.697314E28,-3.697314E28,-3.697314E28,-3.697314E28,-3.697314E28,-3.697314E28,-3.697314E28,0.0000000,3,Missing,-3.697314E28,-3.697314E28,-3.697314E28,Missing,-3.697314E28,-3.697314E28,-3.697314E28,Missing,-3.697314E28,-3.697314E28,-3.697314E28,Port 0x02: JJH T tibia tracker  s/n:3E4C8800,1128318751,1786030912.518723315,1,OK,0.5045155,0.2368229,-0.0869212,-0.8257262,58.182,79.447,-1355.998,0.2586466,3,OK,58.067,79.282,-1356.079,OK,-0.129,152.223,-1380.033,OK,92.410,158.106,-1328.619,Port 0x03: JJH Y femur tracker  s/n:3E4C8801,1128318751,1786030912.518723315,1,OK,0.4146465,0.1134797,0.2566532,0.8656326,-182.391,-185.090,-1305.962,0.4885136,3,OK,-182.676,-184.615,-1306.021,OK,-198.300,-272.585,-1261.862,OK,-123.717,-257.863,-1304.215
3,Port 0x01: JJH Probe  s/n:3E4C880C,1128318754,1786030912.568723315,1,Too Few Markers,-3.697314E28,-3.697314E28,-3.697314E28,-3.697314E28,-3.697314E28,-3.697314E28,-3.697314E28,0.0000000,3,Missing,-3.697314E28,-3.697314E28,-3.697314E28,Missing,-3.697314E28,-3.697314E28,-3.697314E28,Missing,-3.697314E28,-3.697314E28,-3.697314E28,Port 0x02: JJH T tibia tracker  s/n:3E4C8800,1128318754,1786030912.568723315,1,OK,0.5044954,0.2370085,-0.0868982,-0.8256876,58.185,79.444,-1356.002,0.2677118,3,OK,58.072,79.270,-1356.083,OK,-0.133,152.228,-1380.044,OK,92.409,158.104,-1328.590,Port 0x03: JJH Y femur tracker  s/n:3E4C8801,1128318754,1786030912.568723315,1,OK,0.4146082,0.1136223,0.2568153,0.8655841,-182.403,-185.103,-1305.993,0.4832163,3,OK,-182.687,-184.633,-1306.051,OK,-198.301,-272.587,-1261.869,OK,-123.722,-257.874,-1304.263
3,Port 0x01: JJH Probe  s/n:3E4C880C,1128318757,1786030912.618723314,1,Too Few Markers,-3.697314E28,-3.697314E28,-3.697314E28,-3.697314E28,-3.697314E28,-3.697314E28,-3.697314E28,0.0000000,3,Missing,-3.697314E28,-3.697314E28,-3.697314E28,Missing,-3.697314E28,-3.697314E28,-3.697314E28,Missing,-3.697314E28,-3.697314E28,-3.697314E28,Port 0x02: JJH T tibia tracker  s/n:3E4C8800,1128318757,1786030912.618723314,1,OK,0.5045055,0.2366252,-0.0872328,-0.8257561,58.173,79.447,-1355.924,0.2501167,3,OK,58.068,79.288,-1355.998,OK,-0.126,152.225,-1380.010,OK,92.415,158.106,-1328.605,Port 0x03: JJH Y femur tracker  s/n:3E4C8801,1128318757,1786030912.618723314,1,OK,0.4146218,0.1134917,0.2568234,0.8655924,-182.398,-185.101,-1306.005,0.4847755,3,OK,-182.680,-184.627,-1306.065,OK,-198.299,-272.585,-1261.873,OK,-123.717,-257.867,-1304.251
3,Port 0x01: JJH Probe  s/n:3E4C880C,1128318760,1786030912.668723314,1,Too Few Markers,-3.697314E28,-3.697314E28,-3.697314E28,-3.697314E28,-3.697314E28,-3.697314E28,-3.697314E28,0.0000000,3,Missing,-3.697314E28,-3.697314E28,-3.697314E28,Missing,-3.697314E28,-3.697314E28,-3.697314E28,Missing,-3.697314E28,-3.697314E28,-3.697314E28,Port 0x02: JJH T tibia tracker  s/n:3E4C8800,1128318760,1786030912.668723314,1,OK,0.5044574,0.2369559,-0.0870129,-0.8257139,58.160,79.449,-1355.913,0.2591457,3,OK,58.052,79.281,-1355.991,OK,-0.144,152.238,-1379.970,OK,92.388,158.101,-1328.522,Port 0x03: JJH Y femur tracker  s/n:3E4C8801,1128318760,1786030912.668723314,1,OK,0.4146340,0.1135073,0.2569070,0.8655596,-182.409,-185.103,-1306.010,0.4839598,3,OK,-182.690,-184.625,-1306.072,OK,-198.313,-272.585,-1261.859,OK,-123.729,-257.870,-1304.252
3,Port 0x01: JJH Probe  s/n:3E4C880C,1128318763,1786030912.718723314,1,Too Few Markers,-3.697314E28,-3.697314E28,-3.697314E28,-3.697314E28,-3.697314E28,-3.697314E28,-3.697314E28,0.0000000,3,Missing,-3.697314E28,-3.697314E28,-3.697314E28,Missing,-3.697314E28,-3.697314E28,-3.697314E28,Missing,-3.697314E28,-3.697314E28,-3.697314E28,Port 0x02: JJH T tibia tracker  s/n:3E4C8800,1128318763,1786030912.718723314,1,OK,0.5045779,0.2370826,-0.0863139,-0.8256772,58.219,79.450,-1356.021,0.2596794,3,OK,58.099,79.276,-1356.106,OK,-0.121,152.227,-1379.951,OK,92.408,158.101,-1328.554,Port 0x03: JJH Y femur tracker  s/n:3E4C8801,1128318763,1786030912.718723314,1,OK,0.4146137,0.1134721,0.2569157,0.8655714,-182.397,-185.105,-1306.002,0.4912377,3,OK,-182.682,-184.620,-1306.065,OK,-198.292,-272.587,-1261.851,OK,-123.712,-257.875,-1304.235
3,Port 0x01: JJH Probe  s/n:3E4C880C,1128318766,1786030912.768723315,1,Too Few Markers,-3.697314E28,-3.697314E28,-3.697314E28,-3.697314E28,-3.697314E28,-3.697314E28,-3.697314E28,0.0000000,3,Missing,-3.697314E28,-3.697314E28,-3.697314E28,Missing,-3.697314E28,-3.697314E28,-3.697314E28,Missing,-3.697314E28,-3.697314E28,-3.697314E28,Port 0x02: JJH T tibia tracker  s/n:3E4C8800,1128318766,1786030912.768723315,1,OK,0.5045208,0.2371230,-0.0865129,-0.8256797,58.207,79.453,-1356.029,0.2675187,3,OK,58.084,79.277,-1356.116,OK,-0.118,152.232,-1379.997,OK,92.412,158.110,-1328.567,Port 0x03: JJH Y femur tracker  s/n:3E4C8801,1128318766,1786030912.768723315,1,OK,0.4146304,0.1133777,0.2568951,0.8655819,-182.395,-185.100,-1306.019,0.4889796,3,OK,-182.679,-184.619,-1306.081,OK,-198.297,-272.579,-1261.868,OK,-123.711,-257.866,-1304.238
3,Port 0x01: JJH Probe  s/n:3E4C880C,1128318769,1786030912.818723314,1,Too Few Markers,-3.697314E28,-3.697314E28,-3.697314E28,-3.697314E28,-3.697314E28,-3.697314E28,-3.697314E28,0.0000000,3,Missing,-3.697314E28,-3.697314E28,-3.697314E28,Missing,-3.697314E28,-3.697314E28,-3.697314E28,Missing,-3.697314E28,-3.697314E28,-3.697314E28,Port 0x02: JJH T tibia tracker  s/n:3E4C8800,1128318769,1786030912.818723314,1,OK,0.5044711,0.2371180,-0.0870485,-0.8256552,58.162,79.448,-1355.960,0.2690913,3,OK,58.050,79.273,-1356.040,OK,-0.146,152.232,-1380.033,OK,92.384,158.108,-1328.544,Port 0x03: JJH Y femur tracker  s/n:3E4C8801,1128318769,1786030912.818723314,1,OK,0.4146193,0.1136352,0.2568583,0.8655644,-182.415,-185.097,-1305.990,0.4849832,3,OK,-182.698,-184.620,-1306.051,OK,-198.315,-272.585,-1261.854,OK,-123.736,-257.870,-1304.257
3,Port 0x01: JJH Probe  s/n:3E4C880C,1128318772,1786030912.868723314,1,Too Few Markers,-3.697314E28,-3.697314E28,-3.697314E28,-3.697314E28,-3.697314E28,-3.697314E28,-3.697314E28,0.0000000,3,Missing,-3.697314E28,-3.697314E28,-3.697314E28,Missing,-3.697314E28,-3.697314E28,-3.697314E28,Missing,-3.697314E28,-3.697314E28,-3.697314E28,Port 0x02: JJH T tibia tracker  s/n:3E4C8800,1128318772,1786030912.868723314,1,OK,0.5044741,0.2370128,-0.0867680,-0.8257131,58.198,79.440,-1355.967,0.2634804,3,OK,58.082,79.266,-1356.049,OK,-0.113,152.227,-1379.978,OK,92.418,158.095,-1328.544,Port 0x03: JJH Y femur tracker  s/n:3E4C8801,1128318772,1786030912.868723314,1,OK,0.4146370,0.1136446,0.2566968,0.8656026,-182.382,-185.093,-1305.973,0.4881549,3,OK,-182.669,-184.616,-1306.031,OK,-198.286,-272.588,-1261.870,OK,-123.706,-257.872,-1304.252
3,Port 0x01: JJH Probe  s/n:3E4C880C,1128318775,1786030912.918723314,1,Too Few Markers,-3.697314E28,-3.697314E28,-3.697314E28,-3.697314E28,-3.697314E28,-3.697314E28,-3.697314E28,0.0000000,3,Missing,-3.697314E28,-3.697314E28,-3.697314E28,Missing,-3.697314E28,-3.697314E28,-3.697314E28,Missing,-3.697314E28,-3.697314E28,-3.697314E28,Port 0x02: JJH T tibia tracker  s/n:3E4C8800,1128318775,1786030912.918723314,1,OK,0.5044816,0.2368284,-0.0870533,-0.8257314,58.172,79.447,-1355.907,0.2555700,3,OK,58.061,79.282,-1355.987,OK,-0.127,152.228,-1379.965,OK,92.403,158.104,-1328.541,Port 0x03: JJH Y femur tracker  s/n:3E4C8801,1128318775,1786030912.918723314,1,OK,0.4146453,0.1133017,0.2566704,0.8656514,-182.402,-185.100,-1306.018,0.4913762,3,OK,-182.687,-184.618,-1306.080,OK,-198.313,-272.593,-1261.907,OK,-123.720,-257.867,-1304.241
3,Port 0x01: JJH Probe  s/n:3E4C880C,1128318778,1786030912.968723314,1,Too Few Markers,-3.697314E28,-3.697314E28,-3.697314E28,-3.697314E28,-3.697314E28,-3.697314E28,-3.697314E28,0.0000000,3,Missing,-3.697314E28,-3.697314E28,-3.697314E28,Missing,-3.697314E28,-3.697314E28,-3.697314E28,Missing,-3.697314E28,-3.697314E28,-3.697314E28,Port 0x02: JJH T tibia tracker  s/n:3E4C8800,1128318778,1786030912.968723314,1,OK,0.5045169,0.2367977,-0.0869865,-0.8257257,58.155,79.440,-1355.923,0.2561057,3,OK,58.043,79.279,-1356.003,OK,-0.154,152.215,-1379.970,OK,92.385,158.097,-1328.555,Port 0x03: JJH Y femur tracker  s/n:3E4C8801,1128318778,1786030912.968723314,1,OK,0.4146391,0.1135773,0.2567705,0.8655885,-182.415,-185.098,-1305.975,0.4860552,3,OK,-182.700,-184.620,-1306.035,OK,-198.323,-272.588,-1261.853,OK,-123.735,-257.873,-1304.239
3,Port 0x01: JJH Probe  s/n:3E4C880C,1128318781,1786030913.018723315,1,Too Few Markers,-3.697314E28,-3.697314E28,-3.697314E28,-3.697314E28,-3.697314E28,-3.697314E28,-3.697314E28,0.0000000,3,Missing,-3.697314E28,-3.697314E28,-3.697314E28,Missing,-3.697314E28,-3.697314E28,-3.697314E28,Missing,-3.697314E28,-3.697314E28,-3.697314E28,Port 0x02: JJH T tibia tracker  s/n:3E4C8800,1128318781,1786030913.018723315,1,OK,0.5045224,0.2369569,-0.0867374,-0.8257029,58.195,79.443,-1355.972,0.2622585,3,OK,58.083,79.270,-1356.053,OK,-0.129,152.225,-1379.980,OK,92.413,158.098,-1328.557,Port 0x03: JJH Y femur tracker  s/n:3E4C8801,1128318781,1786030913.018723315,1,OK,0.4146313,0.1136705,0.2567905,0.8655741,-182.387,-185.094,-1305.974,0.4838447,3,OK,-182.671,-184.621,-1306.032,OK,-198.290,-272.583,-1261.853,OK,-123.712,-257.869,-1304.251
3,Port 0x01: JJH Probe  s/n:3E4C880C,1128318784,1786030913.068723314,1,Too Few Markers,-3.697314E28,-3.697314E28,-3.697314E28,-3.697314E28,-3.697314E28,-3.697314E28,-3.697314E28,0.0000000,3,Missing,-3.697314E28,-3.697314E28,-3.697314E28,Missing,-3.697314E28,-3.697314E28,-3.697314E28,Missing,-3.697314E28,-3.697314E28,-3.697314E28,Port 0x02: JJH T tibia tracker  s/n:3E4C8800,1128318784,1786030913.068723314,1,OK,0.5044918,0.2369524,-0.0866600,-0.8257310,58.190,79.445,-1355.970,0.2598709,3,OK,58.072,79.276,-1356.054,OK,-0.124,152.228,-1379.958,OK,92.410,158.097,-1328.548,Port 0x03: JJH Y femur tracker  s/n:3E4C8801,1128318784,1786030913.068723314,1,OK,0.4146209,0.1135040,0.2567865,0.8656022,-182.398,-185.101,-1306.000,0.4879542,3,OK,-182.681,-184.622,-1306.062,OK,-198.299,-272.591,-1261.875,OK,-123.717,-257.870,-1304.250
3,Port 0x01: JJH Probe  s/n:3E4C880C,1128318787,1786030913.118723314,1,Too Few Markers,-3.697314E28,-3.697314E28,-3.697314E28,-3.697314E28,-3.697314E28,-3.697314E28,-3.697314E28,0.0000000,3,Missing,-3.697314E28,-3.697314E28,-3.697314E28,Missing,-3.697314E28,-3.697314E28,-3.697314E28,Missing,-3.697314E28,-3.697314E28,-3.697314E28,Port 0x02: JJH T tibia tracker  s/n:3E4C8800,1128318787,1786030913.118723314,1,OK,0.5045406,0.2367423,-0.0868528,-0.8257411,58.165,79.433,-1355.930,0.2530150,3,OK,58.055,79.259,-1356.009,OK,-0.147,152.215,-1379.946,OK,92.384,158.094,-1328.563,Port 0x03: JJH Y femur tracker  s/n:3E4C8801,1128318787,1786030913.118723314,1,OK,0.4145887,0.1134400,0.2568882,0.8655958,-182.427,-185.111,-1306.013,0.4895760,3,OK,-182.710,-184.629,-1306.076,OK,-198.318,-272.595,-1261.867,OK,-123.740,-257.874,-1304.245
3,Port 0x01: JJH Probe  s/n:3E4C880C,1128318790,1786030913.168723314,1,Too Few Markers,-3.697314E28,-3.697314E28,-3.697314E28,-3.697314E28,-3.697314E28,-3.697314E28,-3.697314E28,0.0000000,3,Missing,-3.697314E28,-3.697314E28,-3.697314E28,Missing,-3.697314E28,-3.697314E28,-3.697314E28,Missing,-3.697314E28,-3.697314E28,-3.697314E28,Port 0x02: JJH T tibia tracker  s/n:3E4C8800,1128318790,1786030913.168723314,1,OK,0.5045106,0.2370886,-0.0863441,-0.8257135,58.215,79.442,-1356.038,0.2672603,3,OK,58.089,79.266,-1356.127,OK,-0.114,152.224,-1379.972,OK,92.423,158.095,-1328.566,Port 0x03: JJH Y femur tracker  s/n:3E4C8801,1128318790,1786030913.168723314,1,OK,0.4146343,0.1134239,0.2566009,0.8656612,-182.382,-185.098,-1305.984,0.4901341,3,OK,-182.667,-184.621,-1306.044,OK,-198.289,-272.597,-1261.892,OK,-123.704,-257.868,-1304.233
3,Port 0x01: JJH Probe  s/n:3E4C880C,1128318793,1786030913.218723314,1,Too Few Markers,-3.697314E28,-3.697314E28,-3.697314E28,-3.697314E28,-3.697314E28,-3.697314E28,-3.697314E28,0.0000000,3,Missing,-3.697314E28,-3.697314E28,-3.697314E28,Missing,-3.697314E28,-3.697314E28,-3.697314E28,Missing,-3.697314E28,-3.697314E28,-3.697314E28,Port 0x02: JJH T tibia tracker  s/n:3E4C8800,1128318793,1786030913.218723314,1,OK,0.5045191,0.2370635,-0.0864161,-0.8257080,58.206,79.436,-1356.005,0.2598912,3,OK,58.088,79.266,-1356.088,OK,-0.124,152.219,-1379.953,OK,92.411,158.081,-1328.546,Port 0x03: JJH Y femur tracker  s/n:3E4C8801,1128318793,1786030913.218723314,1,OK,0.4146363,0.1137386,0.2567103,0.8655866,-182.383,-185.096,-1305.966,0.4846666,3,OK,-182.669,-184.623,-1306.023,OK,-198.288,-272.591,-1261.863,OK,-123.708,-257.877,-1304.261
3,Port 0x01: JJH Probe  s/n:3E4C880C,1128318796,1786030913.268723315,1,Too Few Markers,-3.697314E28,-3.697314E28,-3.697314E28,-3.697314E28,-3.697314E28,-3.697314E28,-3.697314E28,0.0000000,3,Missing,-3.697314E28,-3.697314E28,-3.697314E28,Missing,-3.697314E28,-3.697314E28,-3.697314E28,Missing,-3.697314E28,-3.697314E28,-3.697314E28,Port 0x02: JJH T tibia tracker  s/n:3E4C8800,1128318796,1786030913.268723315,1,OK,0.5044821,0.2371057,-0.0865226,-0.8257073,58.176,79.434,-1356.002,0.2659509,3,OK,58.060,79.261,-1356.085,OK,-0.152,152.223,-1379.974,OK,92.392,158.080,-1328.542,Port 0x03: JJH Y femur tracker  s/n:3E4C8801,1128318796,1786030913.268723315,1,OK,0.4146328,0.1134759,0.2568693,0.8655756,-182.416,-185.105,-1306.010,0.4857179,3,OK,-182.699,-184.626,-1306.071,OK,-198.321,-272.589,-1261.865,OK,-123.733,-257.873,-1304.249
3,Port 0x01: JJH Probe  s/n:3E4C880C,1128318799,1786030913.318723314,1,Too Few Markers,-3.697314E28,-3.697314E28,-3.697314E28,-3.697314E28,-3.697314E28,-3.697314E28,-3.697314E28,0.0000000,3,Missing,-3.697314E28,-3.697314E28,-3.697314E28,Missing,-3.697314E28,-3.697314E28,-3.697314E28,Missing,-3.697314E28,-3.697314E28,-3.697314E28,Port 0x02: JJH T tibia tracker  s/n:3E4C8800,1128318799,1786030913.318723314,1,OK,0.5044647,0.2371815,-0.0865383,-0.8256945,58.187,79.434,-1355.977,0.2716569,3,OK,58.070,79.255,-1356.061,OK,-0.139,152.225,-1379.955,OK,92.404,158.083,-1328.503,Port 0x03: JJH Y femur tracker  s/n:3E4C8801,1128318799,1786030913.318723314,1,OK,0.4146089,0.1134732,0.2568365,0.8655971,-182.407,-185.109,-1306.014,0.4888103,3,OK,-182.691,-184.632,-1306.074,OK,-198.301,-272.593,-1261.881,OK,-123.726,-257.876,-1304.253
3,Port 0x01: JJH Probe  s/n:3E4C880C,1128318802,1786030913.368723314,1,Too Few Markers,-3.697314E28,-3.697314E28,-3.697314E28,-3.697314E28,-3.697314E28,-3.697314E28,-3.697314E28,0.0000000,3,Missing,-3.697314E28,-3.697314E28,-3.697314E28,Missing,-3.697314E28,-3.697314E28,-3.697314E28,Missing,-3.697314E28,-3.697314E28,-3.697314E28,Port 0x02: JJH T tibia tracker  s/n:3E4C8800,1128318802,1786030913.368723314,1,OK,0.5045338,0.2372125,-0.0862468,-0.8256739,58.224,79.429,-1356.033,0.2656219,3,OK,58.100,79.256,-1356.120,OK,-0.113,152.209,-1379.954,OK,92.418,158.076,-1328.535,Port 0x03: JJH Y femur tracker  s/n:3E4C8801,1128318802,1786030913.368723314,1,OK,0.4145981,0.1134862,0.2569139,0.8655776,-182.387,-185.113,-1306.011,0.4853628,3,OK,-182.670,-184.635,-1306.073,OK,-198.283,-272.595,-1261.860,OK,-123.700,-257.877,-1304.250
3,Port 0x01: JJH Probe  s/n:3E4C880C,1128318805,1786030913.418723314,1,Too Few Markers,-3.697314E28,-3.697314E28,-3.697314E28,-3.697314E28,-3.697314E28,-3.697314E28,-3.697314E28,0.0000000,3,Missing,-3.697314E28,-3.697314E28,-3.697314E28,Missing,-3.697314E28,-3.697314E28,-3.697314E28,Missing,-3.697314E28,-3.697314E28,-3.697314E28,Port 0x02: JJH T tibia tracker  s/n:3E4C8800,1128318805,1786030913.418723314,1,OK,0.5044784,0.2370717,-0.0867441,-0.8256960,58.161,79.435,-1355.929,0.2620849,3,OK,58.046,79.273,-1356.010,OK,-0.158,152.218,-1379.942,OK,92.381,158.081,-1328.494,Port 0x03: JJH Y femur tracker  s/n:3E4C8801,1128318805,1786030913.418723314,1,OK,0.4145978,0.1133666,0.2567246,0.8656496,-182.421,-185.112,-1306.005,0.4861789,3,OK,-182.704,-184.639,-1306.065,OK,-198.321,-272.602,-1261.889,OK,-123.735,-257.872,-1304.239
3,Port 0x01: JJH Probe  s/n:3E4C880C,1128318808,1786030913.468723314,1,Too Few Markers,-3.697314E28,-3.697314E28,-3.697314E28,-3.697314E28,-3.697314E28,-3.697314E28,-3.697314E28,0.0000000,3,Missing,-3.697314E28,-3.697314E28,-3.697314E28,Missing,-3.697314E28,-3.697314E28,-3.697314E28,Missing,-3.697314E28,-3.697314E28,-3.697314E28,Port 0x02: JJH T tibia tracker  s/n:3E4C8800,1128318808,1786030913.468723314,1,OK,0.5044827,0.2371227,-0.0865478,-0.8256994,58.189,79.430,-1355.983,0.2667260,3,OK,58.072,79.251,-1356.067,OK,-0.134,152.220,-1379.958,OK,92.401,158.081,-1328.523,Port 0x03: JJH Y femur tracker  s/n:3E4C8801,1128318808,1786030913.468723314,1,OK,0.4146682,0.1133863,0.2566434,0.8656373,-182.399,-185.111,-1306.006,0.4883933,3,OK,-182.684,-184.636,-1306.066,OK,-198.315,-272.604,-1261.903,OK,-123.723,-257.883,-1304.245
3,Port 0x01: JJH Probe  s/n:3E4C880C,1128318811,1786030913.518723314,1,Too Few Markers,-3.697314E28,-3.697314E28,-3.697314E28,-3.697314E28,-3.697314E28,-3.697314E28,-3.697314E28,0.0000000,3,Missing,-3.697314E28,-3.697314E28,-3.697314E28,Missing,-3.697314E28,-3.697314E28,-3.697314E28,Missing,-3.697314E28,-3.697314E28,-3.697314E28,Port 0x02: JJH T tibia tracker  s/n:3E4C8800,1128318811,1786030913.518723314,1,OK,0.5045114,0.2370060,-0.0862382,-0.8257478,58.218,79.426,-1355.988,0.2602290,3,OK,58.091,79.255,-1356.076,OK,-0.109,152.208,-1379.895,OK,92.425,158.072,-1328.521,Port 0x03: JJH Y femur tracker  s/n:3E4C8801,1128318811,1786030913.518723314,1,OK,0.4146763,0.1136333,0.2567766,0.8655616,-182.373,-185.108,-1305.999,0.4837535,3,OK,-182.656,-184.631,-1306.059,OK,-198.289,-272.599,-1261.875,OK,-123.699,-257.888,-1304.271
3,Port 0x01: JJH Probe  s/n:3E4C880C,1128318814,1786030913.568723314,1,Too Few Markers,-3.697314E28,-3.697314E28,-3.697314E28,-3.697314E28,-3.697314E28,-3.697314E28,-3.697314E28,0.0000000,3,Missing,-3.697314E28,-3.697314E28,-3.697314E28,Missing,-3.697314E28,-3.697314E28,-3.697314E28,Missing,-3.697314E28,-3.697314E28,-3.697314E28,Port 0x02: JJH T tibia tracker  s/n:3E4C8800,1128318814,1786030913.568723314,1,OK,0.5045196,0.2370817,-0.0863850,-0.8257057,58.180,79.430,-1355.987,0.2624533,3,OK,58.060,79.256,-1356.072,OK,-0.150,152.214,-1379.928,OK,92.383,158.079,-1328.522,Port 0x03: JJH Y femur tracker  s/n:3E4C8801,1128318814,1786030913.568723314,1,OK,0.4146414,0.1136432,0.2567225,0.8655930,-182.415,-185.105,-1305.986,0.4865078,3,OK,-182.702,-184.628,-1306.046,OK,-198.323,-272.599,-1261.877,OK,-123.737,-257.883,-1304.265
